0 1 97
0 2 821
0 469 766
1 0 97
1 6 421
1 385 945
2 0 821
2 3 162
3 2 162
3 4 990
3 419 75
3 422 562
4 3 990
4 5 809
4 98 398
4 420 395
5 6 263
5 4 809
5 98 344
6 1 421
6 5 263
7 8 303
7 9 238
7 79 381
8 7 303
8 33 666
9 7 238
9 10 867
9 84 712
10 9 867
10 11 487
10 84 670
10 110 995
11 10 487
11 12 77
11 110 259
12 11 77
12 13 877
12 95 779
12 108 131
13 12 877
13 14 207
13 94 332
13 95 301
14 13 207
14 15 25
14 16 626
14 77 268
15 14 25
16 14 626
16 17 307
17 16 307
17 77 136
17 18 415
17 3254 186
18 17 415
18 19 988
18 3254 368
19 18 988
19 20 980
19 23 733
20 19 980
20 21 92
20 22 600
21 20 92
22 20 600
23 19 733
23 24 842
23 25 423
24 23 842
25 23 423
25 26 731
25 27 47
26 25 731
27 25 47
27 28 54
27 29 406
28 27 54
29 27 406
29 30 423
29 3255 823
30 29 423
30 31 85
30 3247 917
30 3253 499
31 30 85
31 32 828
31 3246 552
32 33 895
32 31 828
32 2203 744
33 8 666
33 32 895
33 34 827
34 33 827
35 36 705
35 50 661
35 1199 747
36 35 705
36 37 693
36 35885 726
37 36 693
37 38 358
38 37 358
38 39 542
39 38 542
39 40 703
40 39 703
40 41 155
41 40 155
41 42 720
42 41 720
42 43 285
43 42 285
43 44 242
44 43 242
44 45 118
45 44 118
45 46 799
45 1154 320
46 45 799
46 47 460
46 27108 847
46 27325 343
47 46 460
47 48 230
47 27325 536
48 47 230
48 49 881
48 27343 41
49 50 570
49 48 881
49 184 981
50 35 661
50 49 570
50 185 673
52 53 441
52 54 51
52 4152 544
53 52 441
53 54 356
53 223 847
53 225 293
54 52 51
54 53 356
54 4120 470
55 56 756
55 57 689
55 1068 195
55 1099 156
56 55 756
56 76 359
56 1069 275
57 55 689
57 58 227
57 1071 591
57 1072 862
58 57 227
58 59 494
58 1089 594
58 32419 617
59 58 494
59 60 901
59 61 632
59 62 36
60 59 901
61 59 632
62 59 36
62 1089 251
62 63 614
63 62 614
63 64 271
63 339 5
64 63 271
64 65 808
64 2220 841
65 64 808
65 66 933
65 2155 225
65 2157 157
66 65 933
66 67 895
66 68 610
66 2254 729
67 66 895
68 66 610
68 69 631
68 70 576
68 2251 227
69 68 631
70 68 576
70 71 751
70 1052 210
70 2251 955
71 70 751
71 72 428
71 1049 567
72 71 428
72 73 274
72 74 554
73 72 274
74 76 324
74 72 554
74 75 408
75 74 408
76 56 359
76 74 324
76 1075 787
77 14 268
77 94 351
77 17 136
78 79 513
78 80 752
78 455 923
79 7 381
79 78 513
79 119 160
80 78 752
80 81 167
81 80 167
81 82 815
81 104 701
82 81 815
82 83 357
82 113 849
83 84 333
83 82 357
83 112 436
84 9 712
84 10 670
84 83 333
84 85 16
85 84 16
86 87 122
86 88 660
86 128 159
86 315 86
87 86 122
87 97 913
87 134 468
88 86 660
88 89 362
88 128 203
89 88 362
89 90 410
89 91 593
90 89 410
91 89 593
91 92 5
92 91 5
92 93 698
93 94 744
93 92 698
93 133 909
94 13 332
94 77 351
94 93 744
95 12 779
95 13 301
95 96 614
96 95 614
96 97 816
97 87 913
97 96 816
97 123 785
97 134 416
98 4 398
98 5 344
98 470 641
98 35729 449
99 100 904
99 101 690
99 136 844
99 6790 202
100 99 904
100 103 529
100 137 736
100 6760 814
101 99 690
101 102 743
101 6771 177
101 6790 527
102 101 743
102 103 713
102 6733 31
102 6738 457
103 100 529
103 102 713
103 6713 291
103 6748 981
104 81 701
104 105 686
104 107 300
104 124 696
105 455 183
105 104 686
105 106 730
106 105 730
106 107 388
106 135 252
106 151 861
107 104 300
107 106 388
107 124 710
107 135 718
108 12 131
108 109 590
108 113 228
108 123 271
109 108 590
109 113 703
109 111 710
110 10 995
110 11 259
110 111 38
110 112 205
111 110 38
111 112 180
111 109 710
112 110 205
112 83 436
112 111 180
112 114 619
113 108 228
113 82 849
113 109 703
114 112 619
115 116 918
115 117 434
115 120 41
115 169 607
116 119 916
116 115 918
116 122 402
117 115 434
117 118 222
117 169 791
117 454 158
118 119 591
118 117 222
118 453 480
119 79 160
119 116 916
119 118 591
119 342 561
120 115 41
120 121 250
120 170 577
120 171 822
121 120 250
121 122 64
121 171 388
122 116 402
122 121 64
122 36184 144
123 108 271
123 97 785
123 124 684
124 104 696
124 123 684
124 107 710
125 126 755
125 127 767
125 176 194
125 355 405
125 383 462
126 125 755
126 127 145
126 176 291
126 354 357
127 125 767
127 126 145
127 353 72
127 443 238
128 86 159
128 88 203
128 129 734
128 452 308
129 128 734
129 130 16
129 154 525
129 444 192
130 129 16
130 131 318
130 132 590
130 154 644
131 130 318
132 133 119
132 130 590
132 138 679
133 93 909
133 132 119
133 139 829
134 87 468
134 97 416
134 135 877
134 316 945
135 134 877
135 107 718
135 106 252
135 316 886
136 99 844
136 137 843
136 421 334
136 6792 335
136 6805 209
137 100 736
137 136 843
137 421 583
137 6764 720
138 132 679
138 139 85
138 155 188
139 133 829
139 138 85
139 387 167
140 141 125
140 142 29
140 391 44
141 140 125
141 142 817
141 388 659
142 140 29
142 141 817
142 389 298
143 144 868
143 146 5
143 177 929
144 143 868
144 145 739
144 178 554
144 186 229
145 452 457
145 144 739
145 146 224
146 315 241
146 143 5
146 145 224
147 148 994
147 149 602
147 166 247
147 167 539
148 147 994
148 152 15
148 168 708
149 147 602
149 150 521
149 317 374
150 151 233
150 316 893
150 149 521
151 106 861
151 150 233
151 152 231
151 454 74
152 151 231
152 169 126
152 148 15
153 176 854
153 354 29
153 154 385
153 155 777
154 129 525
154 130 644
154 153 385
154 356 56
155 176 497
155 138 188
155 153 777
156 157 855
156 158 561
156 1057 143
157 156 855
157 175 131
157 1093 143
158 156 561
158 159 620
158 1057 172
159 158 620
159 160 688
159 1056 722
160 159 688
160 161 412
160 36965 702
161 160 412
161 162 455
161 36964 128
162 166 464
162 161 455
162 163 928
163 162 928
163 164 901
163 165 870
164 163 901
165 163 870
166 147 247
166 162 464
166 36963 951
167 147 539
168 148 708
169 115 607
169 117 791
169 152 126
170 120 577
171 1089 997
171 120 822
171 121 388
171 172 266
172 1089 716
172 171 266
172 173 719
173 175 725
173 172 719
173 174 78
174 173 78
175 157 131
175 173 725
175 1093 666
176 125 194
176 126 291
176 153 854
176 155 497
177 143 929
177 178 146
177 187 289
178 144 554
178 177 146
178 186 821
179 180 984
179 181 588
179 425 72
180 179 984
180 183 652
180 379 338
180 434 722
181 179 588
181 182 971
181 426 164
181 35695 800
182 181 971
182 183 398
182 423 223
182 35699 924
183 422 225
183 180 652
183 182 398
183 380 468
184 49 981
184 185 710
184 35886 937
185 50 673
185 184 710
185 1198 12
186 144 229
186 178 821
186 187 273
187 177 289
187 186 273
187 314 932
188 189 952
188 190 760
188 369 953
189 188 952
189 191 334
189 357 740
189 358 106
190 188 760
190 191 978
190 193 959
190 351 347
191 189 334
191 190 978
191 441 176
192 193 487
192 194 238
192 201 229
193 190 959
193 192 487
193 195 676
193 461 832
194 192 238
194 195 652
194 203 448
194 375 366
195 193 676
195 194 652
195 462 206
196 197 388
196 198 83
196 7178 843
197 196 388
197 200 949
197 23401 796
198 196 83
198 199 189
198 15697 954
199 198 189
199 200 662
200 197 949
200 199 662
201 192 229
201 202 791
201 352 567
202 201 791
202 203 986
203 194 448
203 202 986
203 373 964
204 205 502
204 206 587
204 213 395
204 372 365
205 373 339
205 204 502
205 209 426
205 374 191
206 204 587
206 207 771
206 433 462
207 206 771
207 208 36
207 432 965
208 209 342
208 207 36
208 344 388
208 432 868
209 205 426
209 208 342
209 344 202
209 374 920
210 211 225
210 212 845
210 235 894
211 213 333
211 210 225
211 350 28
211 371 892
212 213 591
212 210 845
212 227 235
212 230 656
213 204 395
213 211 333
213 212 591
213 372 990
214 215 577
214 216 469
214 309 423
215 214 577
215 216 701
215 312 163
216 214 469
216 215 701
216 308 380
217 218 375
217 222 517
217 7925 800
218 217 375
218 219 395
218 7923 199
219 218 395
219 220 560
219 7922 996
220 219 560
220 221 725
220 7931 11
221 222 587
221 220 725
221 7901 960
221 7918 145
222 217 517
222 221 587
222 4895 714
222 4899 722
222 7926 865
223 53 847
223 224 210
223 3937 981
223 4113 52
224 223 210
224 225 833
224 4109 322
224 4110 562
225 53 293
225 224 833
225 4114 290
225 4148 128
226 227 698
226 228 150
226 251 575
227 212 235
227 226 698
227 234 854
228 226 150
228 229 466
228 255 131
229 230 361
229 228 466
229 255 837
230 212 656
230 229 361
230 260 425
230 261 51
231 232 629
231 233 888
231 289 360
232 231 629
232 236 697
232 245 892
233 234 575
233 231 888
233 273 485
233 276 262
234 227 854
234 251 307
234 233 575
235 210 894
235 236 908
236 235 908
236 232 697
236 250 735
237 238 299
237 239 57
237 3930 360
238 237 299
238 239 744
238 241 285
238 3295 944
239 237 57
239 238 744
239 240 856
239 3271 736
239 3889 373
240 239 856
240 241 946
240 3276 358
241 238 285
241 240 946
241 3292 657
242 243 462
242 244 856
242 36178 173
243 250 159
243 242 462
243 248 337
244 245 302
244 242 856
244 36218 512
245 232 892
245 244 302
245 246 995
245 247 989
246 245 995
247 245 989
247 250 991
247 248 630
248 250 984
248 243 337
248 247 630
248 249 1000
249 248 1000
250 236 735
250 243 159
250 247 991
250 248 984
251 226 575
251 234 307
251 273 313
252 253 279
252 1159 965
253 36178 87
253 252 279
254 255 862
254 256 968
255 228 131
255 229 837
255 254 862
256 254 968
256 257 530
257 256 530
257 258 934
257 272 868
258 257 934
258 259 544
258 35850 653
259 260 276
259 258 544
259 35851 949
260 432 590
260 230 425
260 259 276
261 230 51
262 263 783
262 264 453
262 549 628
263 262 783
263 278 830
263 288 469
263 550 342
264 262 453
264 265 629
264 267 704
265 264 629
265 266 976
266 265 976
267 264 704
267 268 652
267 1918 416
268 267 652
268 269 300
268 290 208
268 297 884
269 268 300
269 270 418
270 269 418
270 271 849
270 301 714
271 272 857
271 270 849
271 301 948
272 257 868
272 271 857
273 251 313
273 233 485
273 274 60
273 275 928
274 273 60
275 273 928
276 233 262
276 289 519
276 277 495
276 278 492
277 276 495
278 276 492
278 263 830
278 279 789
279 278 789
280 281 652
280 282 100
280 35769 911
281 280 652
281 285 5
282 280 100
282 283 867
282 286 289
282 35773 328
283 282 867
283 284 215
283 286 105
284 285 866
284 283 215
284 287 287
284 35846 800
285 281 5
285 284 866
285 35845 383
285 35846 411
286 282 289
286 283 105
286 287 792
286 35772 571
287 286 792
287 284 287
287 35775 839
287 35847 45
288 289 281
288 263 469
288 36211 460
289 231 360
289 276 519
289 288 281
290 268 208
290 291 81
290 327 537
290 1920 417
291 290 81
291 292 327
291 327 278
292 291 327
292 293 203
292 480 615
293 292 203
293 294 84
293 480 488
293 35805 914
294 293 84
294 295 763
294 35795 536
294 35796 401
295 294 763
295 296 315
296 297 800
296 295 315
297 268 884
297 296 800
298 299 29
298 300 331
299 298 29
299 300 665
300 298 331
300 299 665
300 35863 655
301 270 714
301 271 948
302 303 671
302 304 750
302 305 756
303 317 999
303 1056 868
303 302 671
303 1092 319
304 302 750
305 302 756
305 306 995
305 1103 4
305 1156 371
306 305 995
306 307 873
306 1158 867
307 308 858
307 1159 118
307 306 873
308 216 380
308 307 858
308 36178 225
309 214 423
309 310 194
309 311 276
310 309 194
311 309 276
312 314 714
312 215 163
312 313 658
313 312 658
314 187 932
314 312 714
315 86 86
315 146 241
316 134 945
316 135 886
316 150 893
317 149 374
317 303 999
317 318 902
318 317 902
321 322 558
321 323 883
321 326 895
321 3481 980
322 321 558
322 324 866
322 325 908
322 3479 740
323 321 883
323 324 8
323 3430 645
323 3432 548
324 322 866
324 323 8
324 3431 606
324 3475 427
325 322 908
325 326 76
325 3480 163
325 4175 211
325 4181 741
326 321 895
326 325 76
326 4173 452
326 4175 758
327 290 537
327 291 278
327 1919 983
328 329 553
328 330 890
329 328 553
329 330 645
329 11435 312
330 328 890
330 329 645
330 12041 207
331 332 762
331 333 274
331 386 198
332 331 762
332 333 47
332 35734 51
333 331 274
333 332 47
333 404 529
334 335 391
334 337 961
335 334 391
335 336 1
336 335 1
336 337 659
336 12176 73
337 334 961
337 336 659
337 12138 931
338 339 801
338 342 316
338 340 622
338 36186 358
339 63 5
339 338 801
339 341 403
339 36187 282
340 342 241
340 338 622
340 341 95
341 339 403
341 340 95
341 2202 562
342 119 561
342 338 316
342 340 241
342 36185 745
343 432 680
343 344 893
344 209 202
344 208 388
344 343 893
345 346 375
345 347 199
345 3294 475
346 345 375
346 349 533
346 3290 959
346 3291 809
346 3338 388
347 345 199
347 348 692
347 3285 145
347 3294 567
348 347 692
348 349 554
348 3319 951
349 346 533
349 348 554
349 3338 104
349 3339 767
350 351 392
350 352 810
350 211 28
351 190 347
351 350 392
351 371 863
352 201 567
352 350 810
352 373 946
353 127 72
353 354 991
353 356 926
353 358 149
354 126 357
354 153 29
354 353 991
355 125 405
355 381 512
356 353 926
356 154 56
356 357 308
356 359 733
357 356 308
357 189 740
357 360 319
358 353 149
358 189 106
358 440 598
359 444 851
359 356 733
359 360 768
359 361 826
360 357 319
360 359 768
360 362 155
361 359 826
361 362 262
361 36966 77
362 360 155
362 361 262
362 363 93
363 362 93
363 364 58
363 370 326
364 363 58
364 365 685
364 366 786
365 364 685
366 364 786
366 370 572
366 367 392
367 369 566
367 366 392
367 368 985
368 369 196
368 367 985
369 188 953
369 367 566
369 368 196
370 371 95
370 363 326
370 366 572
371 351 863
371 211 892
371 370 95
372 373 540
372 204 365
372 213 990
373 203 964
373 352 946
373 205 339
373 372 540
374 375 438
374 205 191
374 209 920
375 194 366
375 374 438
375 460 440
376 377 316
376 378 225
376 16472 210
377 376 316
377 378 188
377 12226 575
377 12227 165
378 376 225
378 377 188
378 12230 80
378 12247 701
379 180 338
379 380 828
379 435 712
380 469 704
380 183 468
380 379 828
381 355 512
381 383 900
381 382 892
382 381 892
382 392 733
382 393 282
383 125 462
383 381 900
383 384 974
383 37498 996
384 385 753
384 383 974
384 468 8
385 1 945
385 384 753
385 386 971
386 385 971
386 387 695
386 331 198
386 36967 1000
387 139 167
387 386 695
387 388 729
388 387 729
388 141 659
388 392 328
389 142 298
389 391 491
389 390 861
390 389 861
391 140 44
391 389 491
392 388 328
392 382 733
392 393 137
393 382 282
393 392 137
394 395 407
394 396 926
394 7162 679
395 394 407
395 399 586
396 394 926
396 397 284
396 7163 204
397 396 284
397 398 491
397 3263 284
398 399 996
398 397 491
398 3261 585
399 395 586
399 398 996
399 457 739
400 401 546
400 403 960
400 592 349
401 400 546
401 402 548
402 401 548
402 403 330
402 445 369
403 400 960
403 402 330
403 450 50
404 333 529
404 405 958
405 404 958
405 410 379
405 411 103
406 407 864
406 408 470
406 6024 599
407 406 864
407 409 209
407 6025 346
407 36209 683
408 406 470
408 409 608
408 6300 500
409 407 209
409 408 608
409 5636 799
409 6301 324
410 470 579
410 405 379
410 411 650
410 472 808
411 405 103
411 410 650
411 36193 416
412 413 164
412 414 665
412 683 843
413 412 164
413 418 547
413 755 596
413 7795 946
414 412 665
414 415 793
414 682 766
415 414 793
415 416 31
415 682 586
416 415 31
416 417 392
416 1025 813
417 418 803
417 416 392
417 1024 384
417 7757 801
418 413 547
418 417 803
418 7794 47
419 3 75
419 420 113
419 35698 441
420 4 395
420 419 113
420 35709 269
421 136 334
421 137 583
421 6770 897
421 6793 686
422 3 562
422 183 225
422 423 876
422 37415 687
423 422 876
423 182 223
423 35698 542
424 425 828
424 426 84
424 427 357
425 179 72
425 424 828
425 426 166
426 181 164
426 425 166
426 424 84
426 35746 983
427 424 357
427 35747 446
428 429 318
428 430 40
428 7190 938
429 428 318
429 431 122
429 12629 1
430 428 40
430 431 285
430 5927 604
430 5970 803
431 429 122
431 430 285
431 5925 837
431 12629 310
432 207 965
432 208 868
432 260 590
432 343 680
433 206 462
434 180 722
434 435 301
434 460 890
435 379 712
435 434 301
435 461 106
436 437 106
436 439 595
436 23898 880
437 436 106
437 438 436
437 33468 449
438 437 436
438 439 376
438 15713 522
438 20655 909
439 436 595
439 438 376
439 20655 918
439 23896 287
440 358 598
440 441 576
441 191 176
441 440 576
441 442 591
442 443 537
442 441 591
442 468 439
443 127 238
443 442 537
444 129 192
444 359 851
444 36966 456
445 402 369
445 446 630
446 445 630
446 447 782
446 2648 6
447 446 782
447 448 519
447 2647 321
448 447 519
448 449 153
449 450 648
449 448 153
449 591 135
450 403 50
450 449 648
450 451 435
451 450 435
452 128 308
452 145 457
453 118 480
453 454 980
454 455 443
454 151 74
454 117 158
454 453 980
455 78 923
455 105 183
455 454 443
456 457 349
456 458 759
456 21970 939
457 399 739
457 456 349
457 459 589
457 20849 435
458 456 759
458 459 762
458 20811 560
458 20812 39
458 21121 706
459 457 589
459 458 762
459 21121 710
460 434 890
460 375 440
461 193 832
461 435 106
461 462 667
462 195 206
462 461 667
463 464 77
463 467 476
463 20571 270
464 463 77
464 465 297
464 5314 566
464 5315 726
465 464 297
465 466 720
466 467 3
466 465 720
467 463 476
467 466 3
467 20718 752
467 25505 719
468 384 8
468 37498 708
468 442 439
469 0 766
469 380 704
469 37415 141
470 98 641
470 410 579
470 471 858
470 35881 737
471 470 858
471 472 203
472 410 808
472 471 203
472 473 452
473 472 452
474 475 378
474 479 687
475 474 378
475 476 716
475 36979 679
476 475 716
476 477 238
476 36977 660
477 476 238
477 478 394
478 479 131
478 477 394
478 35803 534
478 36976 574
479 480 695
479 474 687
479 478 131
480 292 615
480 293 488
480 479 695
481 482 924
481 507 99
482 481 924
482 483 854
482 5926 613
483 482 854
483 484 779
483 4074 451
484 483 779
484 485 755
484 4040 998
484 4074 268
485 484 755
485 486 748
486 485 748
486 487 173
486 5809 232
487 486 173
487 488 423
487 489 544
488 487 423
489 487 544
489 490 29
489 5808 727
490 489 29
490 491 810
490 5951 290
491 490 810
491 492 475
491 4077 4
492 491 475
492 493 174
492 4076 799
493 492 174
493 494 494
493 7131 957
494 493 494
494 495 260
494 7133 662
495 494 260
495 496 370
495 7154 574
496 495 370
496 497 813
496 7145 657
497 496 813
497 498 54
497 7142 306
498 497 54
498 499 699
499 498 699
499 7142 678
499 500 685
500 499 685
500 501 226
500 7141 401
501 500 226
501 502 240
501 7164 283
501 7165 716
501 23431 648
502 501 240
502 503 220
502 7179 161
503 23401 540
503 502 220
503 504 164
504 503 164
504 505 520
504 4044 602
505 504 520
505 506 680
505 4044 229
505 24013 757
506 507 498
506 505 680
506 24012 667
507 481 99
507 506 498
507 21548 627
509 510 571
509 511 160
509 6685 912
510 509 571
510 513 804
510 6681 960
511 509 160
511 512 187
511 6684 900
511 6696 143
512 511 187
512 513 419
512 6604 917
512 6683 178
513 510 804
513 512 419
513 6616 911
514 515 366
514 516 904
514 1119 368
514 5892 958
515 514 366
515 516 15
515 1120 782
516 514 904
516 515 15
516 5883 237
516 5884 37
516 5894 33
517 518 261
517 519 891
517 8146 841
518 517 261
518 520 36
518 8154 235
518 8155 27
519 517 891
519 520 741
519 8145 331
519 8153 58
520 518 36
520 519 741
520 8153 734
520 8155 761
521 522 595
521 36982 556
521 36992 156
522 521 595
522 523 476
522 548 408
523 522 476
523 524 663
523 525 967
524 523 663
524 526 297
524 36201 577
525 550 875
525 523 967
525 526 163
526 524 297
526 525 163
526 1166 238
527 528 447
527 529 537
527 532 524
528 527 447
528 531 364
528 534 287
528 5432 834
529 527 537
529 530 694
529 5418 988
530 529 694
530 531 827
530 5423 52
531 528 364
531 530 827
531 5421 98
531 5422 840
532 527 524
532 533 858
532 5444 725
532 5449 751
533 532 858
533 535 789
533 5450 41
534 528 287
534 535 187
534 5433 654
534 5438 193
535 534 187
535 533 789
535 5443 819
536 537 515
536 541 270
536 542 816
537 536 515
537 538 363
537 36981 581
538 537 363
538 539 103
538 36985 429
539 538 103
539 540 432
540 541 847
540 539 432
541 536 270
541 540 847
541 36986 66
542 536 816
542 543 831
543 542 831
543 36981 18
544 545 423
544 546 861
544 4371 632
544 4373 991
545 544 423
545 547 202
545 4481 579
546 544 861
546 547 183
547 545 202
547 546 183
548 549 407
548 522 408
549 262 628
549 548 407
550 263 342
550 525 875
550 36210 336
551 552 301
551 553 474
551 559 691
552 551 301
552 555 651
552 556 149
553 551 474
553 554 335
553 36197 790
554 553 335
554 555 505
554 557 780
554 1189 821
555 552 651
555 554 505
555 556 829
556 552 149
556 555 829
556 557 172
557 556 172
557 554 780
557 561 831
558 559 193
558 560 227
558 2023 137
559 551 691
559 558 193
559 560 245
560 559 245
560 558 227
560 2025 595
560 37003 964
561 557 831
561 568 444
562 563 855
562 566 829
562 567 745
563 562 855
563 564 656
563 37017 631
564 563 656
564 565 906
564 37016 93
565 566 175
565 564 906
565 569 820
566 562 829
566 565 175
566 567 107
566 569 26
567 562 745
567 566 107
567 37020 243
568 561 444
568 573 120
569 566 26
569 565 820
569 579 183
570 571 495
570 572 61
571 570 495
571 589 581
572 570 61
572 574 681
573 568 120
573 577 272
574 572 681
574 580 57
575 577 303
575 576 271
576 575 271
576 588 2
577 573 272
577 575 303
578 579 703
578 589 909
579 569 183
579 578 703
580 574 57
580 587 68
581 582 243
581 583 990
581 22099 545
582 581 243
582 586 786
582 22099 33
583 581 990
583 584 447
583 22098 813
584 583 447
584 585 2
585 586 134
585 584 2
585 944 228
585 22105 930
585 22107 440
585 22113 586
586 582 786
586 585 134
586 944 408
587 580 68
587 590 931
588 576 2
588 590 730
589 571 581
589 578 909
590 588 730
590 587 931
591 592 617
591 449 135
591 2652 281
592 400 349
592 591 617
592 2661 213
593 596 441
594 596 808
594 595 256
594 36021 887
595 596 487
595 594 256
595 36020 658
596 593 441
596 594 808
596 595 487
597 598 250
597 599 721
597 6851 628
597 7251 860
598 597 250
598 599 911
598 7066 477
599 597 721
599 598 911
599 6859 399
600 601 762
600 603 216
600 663 202
600 3470 439
601 600 762
601 602 264
601 3484 655
601 3498 265
602 601 264
602 603 478
602 3452 930
603 600 216
603 602 478
603 664 922
604 605 69
604 606 624
604 676 525
604 36183 831
605 604 69
605 608 558
606 604 624
606 607 805
607 606 805
607 608 979
607 673 290
608 605 558
608 607 979
608 675 312
609 610 893
609 614 799
610 609 893
610 611 99
610 6013 507
611 7190 169
611 610 99
611 612 424
611 7188 523
612 611 424
612 613 181
613 614 958
613 612 181
614 609 799
614 613 958
615 616 627
615 617 698
616 615 627
616 624 887
616 661 110
617 615 698
617 618 894
618 617 894
618 619 904
618 37031 137
619 618 904
619 620 119
619 36225 517
620 619 119
620 621 393
620 836 836
621 620 393
621 622 902
622 621 902
622 623 233
623 624 669
623 622 233
624 616 887
624 623 669
624 662 784
625 626 579
625 648 318
625 12653 35
626 625 579
626 627 496
627 626 496
627 628 156
628 627 156
628 629 188
629 628 188
629 630 531
629 12608 65
630 629 531
630 631 464
631 630 464
631 632 150
631 1094 501
632 631 150
632 633 190
633 632 190
633 1094 869
633 634 692
634 633 692
634 635 142
634 12593 321
635 634 142
635 636 174
635 12597 195
636 635 174
636 637 807
636 12613 193
637 636 807
637 638 476
637 36326 403
638 637 476
638 639 466
638 12790 769
639 648 640
639 638 466
639 640 336
639 12793 660
640 639 336
640 641 591
640 647 677
641 640 591
641 642 614
641 644 562
641 646 389
642 641 614
642 643 365
642 644 969
643 642 365
644 641 562
644 642 969
644 645 766
645 644 766
645 646 819
646 641 389
646 647 365
646 645 819
647 640 677
647 646 365
648 625 318
648 639 640
648 12794 230
649 650 830
649 651 742
649 654 21
650 649 830
650 651 497
651 649 742
651 650 497
652 654 784
652 653 364
652 2085 987
653 654 555
653 652 364
654 649 21
654 652 784
654 653 555
655 656 820
655 657 970
656 655 820
656 660 827
656 9392 74
657 655 970
657 658 648
657 9387 602
657 9388 95
658 657 648
658 659 24
658 9395 783
659 660 429
659 658 24
659 10007 270
659 10015 351
660 656 827
660 659 429
660 10016 532
661 616 110
661 662 56
662 624 784
662 661 56
663 600 202
663 665 350
663 3469 543
664 603 922
664 665 776
664 3439 876
664 3451 479
665 663 350
665 664 776
665 3441 302
665 3465 554
666 667 544
666 668 737
666 800 605
666 853 584
667 666 544
667 669 453
667 828 67
667 829 773
668 666 737
668 669 835
668 743 983
668 744 637
669 667 453
669 668 835
669 742 339
669 763 910
670 671 223
670 674 654
671 670 223
671 672 834
671 690 14
672 673 290
672 675 988
672 671 834
672 692 175
673 607 290
673 672 290
673 674 358
674 673 358
674 670 654
675 676 650
675 608 312
675 672 988
675 692 725
676 604 525
676 675 650
676 695 629
676 36179 412
677 683 316
677 678 444
678 677 444
678 679 968
678 701 66
679 678 968
679 680 638
679 1998 889
680 679 638
680 681 802
680 2004 559
681 682 860
681 680 802
681 1015 431
682 414 766
682 415 586
682 681 860
683 412 843
683 677 316
683 699 100
684 685 565
684 686 941
684 10312 156
685 684 565
685 689 556
685 10233 126
686 684 941
686 687 95
686 10317 136
687 686 95
687 688 120
687 10317 967
687 10318 995
688 689 75
688 687 120
688 10296 893
688 10298 696
689 685 556
689 688 75
689 10300 877
690 671 14
690 691 679
691 690 679
691 692 659
691 37029 435
692 675 725
692 672 175
692 691 659
692 694 401
693 695 514
693 694 278
693 739 863
694 692 401
694 693 278
694 37028 513
695 676 629
695 693 514
695 738 4
696 697 862
696 698 359
696 712 190
697 696 862
697 698 909
697 711 557
698 696 359
698 697 909
699 683 100
699 700 7
699 748 801
700 701 701
700 699 7
700 753 27
701 678 66
701 700 701
701 752 841
702 703 185
702 704 830
702 705 917
703 702 185
703 709 534
703 715 642
704 702 830
705 702 917
705 706 837
705 713 389
705 741 500
706 711 533
706 705 837
706 707 645
707 712 432
707 706 645
707 708 842
708 712 514
708 709 176
708 707 842
709 703 534
709 708 176
709 710 861
710 709 861
711 697 557
711 706 533
712 696 190
712 707 432
712 708 514
713 742 252
713 763 335
713 705 389
713 714 344
714 713 344
714 717 199
714 844 901
715 703 642
715 716 691
716 715 691
716 717 922
717 714 199
717 716 922
717 843 681
718 719 931
718 721 586
719 718 931
719 720 569
719 740 682
720 739 461
720 719 569
720 721 863
721 718 586
721 720 863
722 723 82
722 724 717
722 19815 102
723 722 82
723 726 491
723 19820 890
723 19821 797
723 20397 871
724 722 717
724 725 584
724 19831 775
724 19832 778
725 724 584
725 726 34
725 16917 248
726 723 491
726 725 34
726 16916 290
726 16917 311
727 728 24
727 729 613
727 793 114
727 794 623
727 795 661
728 727 24
728 746 719
728 795 200
729 727 613
729 730 771
729 731 121
729 929 118
730 729 771
731 729 121
731 732 281
731 953 110
732 731 281
732 929 56
732 733 91
732 734 301
733 732 91
734 732 301
734 735 332
734 963 190
735 734 332
735 736 727
735 737 370
736 735 727
737 738 960
737 735 370
737 904 186
737 909 271
738 695 4
738 36179 593
738 739 342
738 737 960
739 693 863
739 720 461
739 738 342
739 740 712
740 739 712
740 741 551
740 719 682
741 705 500
741 740 551
742 669 339
742 743 316
742 713 252
743 668 983
743 742 316
743 744 335
744 668 637
744 800 60
744 743 335
744 745 499
745 800 183
745 744 499
745 746 810
745 765 860
745 766 253
746 728 719
746 745 810
746 796 810
746 801 905
747 748 165
747 749 734
747 4896 668
747 7897 67
748 699 801
748 747 165
748 754 394
749 747 734
749 750 754
749 7878 567
750 749 754
750 751 444
750 7875 582
751 752 312
751 750 444
751 7825 764
752 701 841
752 1998 287
752 751 312
753 700 27
754 748 394
754 761 80
754 4898 532
755 413 596
755 756 825
755 758 729
755 7793 226
756 755 825
756 757 45
757 756 45
758 755 729
758 759 644
758 7763 550
759 758 644
759 760 529
759 7762 867
760 761 736
760 759 529
760 7782 374
760 7872 15
761 754 80
761 760 736
761 7874 577
762 10154 954
762 10156 344
763 669 910
763 829 473
763 713 335
763 847 647
764 765 481
764 766 507
764 796 199
765 745 860
765 764 481
765 766 695
765 799 956
766 745 253
766 765 695
766 764 507
766 802 817
767 768 978
767 769 41
767 833 114
767 37030 756
768 836 156
768 767 978
768 771 641
768 784 710
769 767 41
769 770 944
769 782 416
770 769 944
770 771 826
770 784 530
770 781 799
771 768 641
771 770 826
771 772 845
771 784 370
772 771 845
773 774 996
773 775 40
773 876 772
774 773 996
774 783 266
775 773 40
775 776 620
775 837 404
776 775 620
776 777 106
776 839 460
777 776 106
777 778 153
777 779 704
778 777 153
779 781 99
779 777 704
779 780 976
780 779 976
781 770 799
781 779 99
781 785 810
781 826 697
782 769 416
782 783 333
782 37032 146
783 782 333
783 774 266
784 768 710
784 771 370
784 770 530
784 791 260
785 781 810
785 786 481
785 832 231
786 785 481
786 787 320
786 871 870
787 786 320
787 788 774
787 789 236
788 787 774
789 787 236
789 790 731
789 849 192
790 791 48
790 789 731
790 820 721
791 784 260
791 790 48
791 819 11
792 793 129
792 794 550
792 862 23
792 955 966
793 727 114
793 792 129
793 795 72
793 797 587
794 727 623
794 792 550
794 929 759
794 954 543
795 727 661
795 728 200
795 793 72
795 796 13
796 795 13
796 746 810
796 764 199
797 793 587
797 862 558
797 798 445
797 857 549
798 800 385
798 797 445
798 859 234
799 765 956
800 666 605
800 744 60
800 745 183
800 798 385
801 746 905
801 802 465
802 766 817
802 801 465
803 804 391
803 805 687
804 803 391
804 818 327
804 900 238
804 903 419
805 803 687
805 806 465
805 913 99
805 985 688
806 805 465
806 807 974
806 810 592
807 806 974
807 808 20
808 807 20
808 809 76
809 808 76
810 806 592
810 913 417
810 811 246
811 810 246
811 812 258
811 912 88
812 811 258
812 813 609
812 2195 370
813 812 609
813 814 361
813 2195 935
814 813 361
814 815 479
814 36188 971
815 814 479
815 816 710
815 36188 517
816 815 710
816 817 951
816 890 754
817 818 414
817 816 951
817 889 779
818 804 327
818 817 414
818 899 157
818 901 566
819 791 11
819 825 838
820 790 721
820 821 900
820 848 135
821 820 900
821 822 733
821 869 990
822 821 733
822 823 411
822 868 703
823 822 411
823 824 524
823 868 522
824 825 212
824 823 524
824 867 553
825 819 838
825 824 212
826 828 684
826 781 697
826 827 413
827 826 413
828 667 67
828 826 684
828 838 149
828 842 661
829 667 773
829 763 473
829 830 788
830 829 788
830 831 717
830 846 809
831 832 820
831 830 717
831 845 266
832 785 231
832 831 820
832 871 74
833 767 114
833 834 650
833 835 182
834 36225 804
834 836 749
834 833 650
835 833 182
836 620 836
836 768 156
836 834 749
837 775 404
837 838 774
837 872 43
837 875 652
838 828 149
838 837 774
838 841 93
839 776 460
840 842 755
840 841 278
840 850 733
841 838 93
841 872 582
841 840 278
841 861 811
842 828 661
842 840 755
842 854 85
843 717 681
843 844 175
844 714 901
844 843 175
844 870 866
845 871 249
845 849 909
845 831 266
846 847 142
846 830 809
847 763 647
847 846 142
847 848 300
848 847 300
848 849 308
848 820 135
848 869 208
849 789 192
849 845 909
849 848 308
850 840 733
850 851 393
850 858 575
851 850 393
851 852 883
852 853 527
852 851 883
853 666 584
853 852 527
853 860 846
854 842 85
854 855 381
854 856 954
855 854 381
856 854 954
857 797 549
857 858 454
857 859 337
858 857 454
858 850 575
858 861 92
858 860 924
859 798 234
859 857 337
860 853 846
860 858 924
861 862 821
861 841 811
861 858 92
861 877 63
862 792 23
862 797 558
862 861 821
862 960 6
863 864 905
863 866 138
863 25183 698
863 25187 332
864 863 905
864 865 339
864 24581 879
864 24584 546
865 864 339
865 866 812
865 24572 7
866 863 138
866 865 812
866 25557 397
867 824 553
867 870 831
868 822 703
868 869 841
868 823 522
869 821 990
869 848 208
869 868 841
870 844 866
870 867 831
871 786 870
871 832 74
871 845 249
872 837 43
872 841 582
872 873 441
873 872 441
873 877 187
873 874 164
874 876 249
874 873 164
874 37038 456
875 876 631
875 837 652
876 773 772
876 874 249
876 875 631
877 861 63
877 873 187
877 36226 932
877 37036 962
879 880 951
879 882 462
879 2199 446
879 4961 846
880 879 951
880 881 713
880 2191 104
880 2192 624
881 880 713
881 882 821
881 2191 161
882 879 462
882 881 821
882 4968 272
883 36188 213
883 884 552
883 885 171
883 36194 674
884 883 552
884 888 938
884 36189 615
885 883 171
885 886 856
885 2196 962
885 36195 957
886 885 856
886 887 383
886 2196 821
887 888 22
887 886 383
888 884 938
888 887 22
888 2198 581
889 817 779
889 890 243
889 891 916
890 816 754
890 889 243
890 891 663
891 890 663
891 889 916
891 898 272
892 909 786
892 893 55
892 894 609
892 998 72
893 892 55
893 897 672
893 961 907
893 998 253
894 892 609
894 895 389
895 894 389
895 896 479
896 897 878
896 895 479
897 963 230
897 893 672
897 896 878
898 899 148
898 891 272
898 36192 89
899 818 157
899 898 148
899 36191 17
900 804 238
900 901 184
900 902 786
901 904 396
901 818 566
901 900 184
901 905 938
902 900 786
902 903 969
902 907 541
902 959 51
903 804 419
903 902 969
903 987 85
903 1005 704
904 737 186
904 901 396
904 906 384
904 908 163
905 901 938
905 906 59
905 36181 198
906 904 384
906 905 59
906 36180 70
907 902 541
907 908 254
907 956 921
907 958 315
908 904 163
908 909 961
908 907 254
909 737 271
909 892 786
909 908 961
909 956 885
910 911 189
910 35561 652
910 35570 100
911 910 189
911 35568 79
911 35579 456
912 913 562
912 811 88
912 917 851
912 918 629
913 805 99
913 810 417
913 912 562
913 914 502
914 913 502
914 915 618
914 984 266
915 914 618
915 916 494
915 926 814
915 927 473
916 917 96
916 915 494
916 926 712
917 912 851
917 916 96
917 925 376
917 2194 850
918 912 629
919 920 346
919 921 881
919 1036 71
919 1037 627
920 919 346
920 928 974
920 983 87
920 1036 300
921 919 881
921 922 204
921 1037 916
922 921 204
922 923 598
922 1002 88
923 922 598
923 924 105
923 1002 843
924 925 258
924 923 105
925 917 376
925 924 258
925 2194 120
926 915 814
926 916 712
926 927 279
927 915 473
927 926 279
927 928 19
928 927 19
928 920 974
928 983 909
929 729 118
929 794 759
929 732 56
929 954 195
930 931 314
930 932 475
930 934 554
930 37052 201
931 930 314
931 933 491
931 1026 435
932 930 475
932 933 821
932 940 549
933 931 491
933 932 821
933 1027 445
934 930 554
934 935 487
934 1014 400
935 934 487
935 936 742
935 1014 62
936 935 742
936 937 50
936 949 359
936 1039 954
937 936 50
937 938 404
937 950 382
938 937 404
938 939 868
938 2250 746
939 940 71
939 938 868
940 932 549
940 939 71
941 942 189
941 943 540
941 21594 49
941 21744 514
942 941 189
942 943 167
942 21553 968
943 941 540
943 942 167
943 21599 67
943 21744 176
944 586 408
944 585 228
944 31944 720
945 1026 932
945 946 767
945 947 395
946 945 767
946 948 591
946 1040 835
946 37049 534
946 37053 61
946 37054 779
947 945 395
947 948 37
948 946 591
948 947 37
948 36253 738
949 936 359
949 950 276
949 1039 170
949 1086 87
950 937 382
950 949 276
950 2243 456
951 952 918
951 23187 493
952 951 918
952 15690 725
953 731 110
954 794 543
954 929 195
954 955 73
954 962 105
955 792 966
955 954 73
955 960 199
955 965 767
956 909 885
956 907 921
956 997 935
956 1008 903
957 959 320
957 958 376
957 979 366
958 907 315
958 959 630
958 957 376
958 1006 319
959 902 51
959 957 320
959 958 630
959 978 249
960 862 6
960 955 199
960 971 537
960 36227 786
961 893 907
961 962 881
961 994 734
961 999 571
962 954 105
962 961 881
962 967 338
963 734 190
963 897 230
963 964 57
964 963 57
965 955 767
965 966 345
965 970 393
965 1013 851
966 965 345
966 967 590
966 995 722
967 962 338
967 994 233
967 966 590
968 970 850
968 969 868
968 973 612
969 971 261
969 968 868
969 972 595
970 965 393
970 968 850
971 960 537
971 36226 979
971 969 261
972 37036 806
972 969 595
972 973 409
973 968 612
973 972 409
973 37041 188
974 975 961
974 976 337
975 979 823
975 974 961
975 1012 244
976 974 337
976 977 640
976 36254 908
977 1037 888
977 978 61
977 976 640
978 959 249
978 1036 762
978 983 864
978 977 61
979 957 366
979 975 823
979 1011 217
980 981 720
980 982 584
980 1004 718
981 1005 877
981 980 720
981 988 704
982 983 361
982 980 584
982 1003 909
983 920 87
983 928 909
983 978 864
983 982 361
984 914 266
985 805 688
985 986 154
985 987 417
986 985 154
987 903 85
987 985 417
987 988 9
988 987 9
988 981 704
988 989 282
988 990 465
988 993 641
989 988 282
990 988 465
990 991 471
990 992 639
991 990 471
992 990 639
993 988 641
994 961 734
994 967 233
994 996 869
995 966 722
995 1013 384
995 996 602
995 1034 227
996 994 869
996 999 963
996 995 602
996 1035 173
997 998 45
997 956 935
997 1001 939
998 892 72
998 893 253
998 997 45
998 1001 664
999 961 571
999 996 963
999 1000 950
1000 999 950
1000 1001 944
1001 998 664
1001 997 939
1001 1000 944
1002 922 88
1002 923 843
1003 982 909
1004 980 718
1005 903 704
1005 981 877
1006 958 319
1006 1007 707
1006 1011 173
1006 1012 750
1007 1006 707
1007 1010 885
1007 37043 782
1008 956 903
1008 1009 16
1009 1008 16
1009 1010 104
1010 1007 885
1010 1009 104
1010 37045 118
1011 979 217
1011 1006 173
1012 1006 750
1012 975 244
1012 37047 927
1013 965 851
1013 995 384
1013 36228 612
1013 37039 935
1014 934 400
1014 935 62
1014 1038 740
1015 681 431
1015 1016 105
1015 3990 39
1016 1015 105
1016 1017 206
1016 1018 603
1016 1085 961
1017 1016 206
1018 2192 408
1018 1016 603
1018 1019 879
1018 1084 998
1019 2192 811
1019 1018 879
1019 1020 247
1020 1019 247
1020 1021 656
1020 1022 583
1021 1020 656
1022 1020 583
1022 1023 208
1022 2201 331
1022 7745 774
1022 7750 55
1023 1024 285
1023 1022 208
1023 7750 697
1024 417 384
1024 1023 285
1024 7756 487
1025 416 813
1026 931 435
1026 945 932
1026 1027 436
1027 933 445
1027 1026 436
1027 1043 896
1028 1029 117
1028 1030 489
1028 18538 727
1029 1028 117
1029 1031 10
1029 18558 306
1029 18703 178
1030 1028 489
1030 1031 133
1030 18537 805
1031 1029 10
1031 1030 133
1031 18705 150
1032 36253 911
1032 1033 284
1033 1032 284
1034 995 227
1034 1035 186
1034 36230 346
1035 996 173
1035 1034 186
1036 919 71
1036 920 300
1036 978 762
1037 919 627
1037 921 916
1037 977 888
1037 36253 917
1038 1014 740
1038 1039 7
1038 1131 850
1039 936 954
1039 949 170
1039 1038 7
1040 946 835
1040 1041 421
1040 37048 654
1041 1040 421
1041 1042 309
1042 1041 309
1042 36252 573
1043 1027 896
1044 1045 408
1044 1046 691
1044 1047 709
1044 1051 883
1045 1044 408
1045 1046 923
1045 2190 38
1046 1044 691
1046 1045 923
1046 2181 907
1047 1044 709
1047 1048 525
1047 2249 473
1048 1049 617
1048 1047 525
1048 1077 146
1049 71 567
1049 1048 617
1049 1050 696
1050 1052 923
1050 1049 696
1050 1051 960
1051 1044 883
1051 1050 960
1051 2258 121
1052 70 210
1052 1050 923
1052 2256 888
1052 2258 222
1053 1054 259
1053 1055 116
1053 1107 499
1054 1053 259
1054 1059 514
1054 1122 445
1055 1056 10
1055 1053 116
1055 1091 751
1056 159 722
1056 303 868
1056 1055 10
1057 156 143
1057 158 172
1057 1058 335
1058 1057 335
1058 1059 212
1058 1123 257
1059 1054 514
1059 1058 212
1059 1122 311
1060 1061 443
1060 1062 971
1060 23184 5
1060 23185 973
1061 1060 443
1061 1067 420
1062 1060 971
1062 1063 893
1062 23184 567
1063 1062 893
1063 1064 266
1063 24030 9
1063 24053 506
1064 1063 266
1064 1065 787
1065 1064 787
1065 1066 560
1066 1067 675
1066 1065 560
1067 1061 420
1067 1066 675
1068 55 195
1068 1069 914
1068 1096 844
1068 1116 276
1068 36235 705
1069 56 275
1069 1068 914
1069 1116 733
1070 1071 582
1070 1072 644
1070 1093 881
1070 1121 942
1071 57 591
1071 1070 582
1071 1098 921
1071 1110 682
1072 57 862
1072 1070 644
1072 32419 714
1073 1075 175
1073 1074 246
1073 1117 552
1074 1086 926
1074 1073 246
1074 1078 83
1075 76 787
1075 1073 175
1075 1076 426
1076 1075 426
1077 1048 146
1077 1078 277
1077 1087 194
1078 1077 277
1078 1074 83
1078 1087 834
1079 2004 875
1079 1085 507
1079 1080 276
1080 1079 276
1080 1081 146
1080 2002 889
1081 1080 146
1081 1082 746
1081 2001 631
1081 7809 865
1082 1081 746
1082 1083 541
1082 1132 2
1082 7799 361
1083 1084 357
1083 1082 541
1083 1137 395
1084 1018 998
1084 1085 15
1084 1083 357
1085 1016 961
1085 3990 230
1085 1079 507
1085 1084 15
1086 949 87
1086 1074 926
1086 1088 947
1086 38043 606
1087 1077 194
1087 1078 834
1087 1088 234
1088 1086 947
1088 1087 234
1089 58 594
1089 62 251
1089 171 997
1089 172 716
1090 1092 410
1090 1091 74
1090 1104 420
1091 1055 751
1091 1090 74
1091 1106 117
1092 303 319
1092 1090 410
1092 1100 613
1092 1143 236
1093 157 143
1093 175 666
1093 1070 881
1094 631 501
1094 633 869
1094 1095 739
1095 1094 739
1096 1068 844
1096 1097 486
1096 1109 596
1097 1096 486
1097 1098 119
1097 1111 237
1098 1071 921
1098 1097 119
1098 1110 760
1099 55 156
1100 1092 613
1100 1101 646
1100 1124 186
1101 1103 359
1101 1100 646
1101 1102 486
1102 1101 486
1103 305 4
1103 1101 359
1103 1124 413
1104 1090 420
1104 1105 967
1104 1143 76
1105 1107 19
1105 1104 967
1105 1163 339
1106 1091 117
1107 1053 499
1107 1105 19
1107 1152 986
1108 1110 372
1108 1109 851
1108 1125 16
1109 1096 596
1109 1108 851
1109 1125 98
1110 1071 682
1110 1098 760
1110 1108 372
1111 1097 237
1112 1113 201
1112 1115 220
1112 25442 399
1113 1112 201
1113 1114 50
1113 37064 771
1113 37079 963
1114 1113 50
1114 1115 443
1114 2787 969
1114 2803 825
1115 1112 220
1115 1114 443
1115 3070 224
1116 1068 276
1116 1069 733
1116 1117 569
1116 37075 85
1117 1116 569
1117 1073 552
1117 38042 253
1118 1119 718
1118 1120 327
1118 5895 969
