52 53 441
52 54 51
52 4152 544
53 52 441
53 54 356
53 223 847
53 225 293
54 52 51
54 53 356
54 4120 470
99 100 904
99 101 690
99 136 844
99 6790 202
100 99 904
100 103 529
100 137 736
100 6760 814
101 99 690
101 102 743
101 6771 177
101 6790 527
102 101 743
102 103 713
102 6733 31
102 6738 457
103 100 529
103 102 713
103 6713 291
103 6748 981
136 99 844
136 137 843
136 421 334
136 6792 335
136 6805 209
137 100 736
137 136 843
137 421 583
137 6764 720
196 197 388
196 198 83
196 7178 843
197 196 388
197 200 949
198 196 83
198 199 189
199 198 189
199 200 662
200 197 949
200 199 662
217 218 375
217 222 517
217 7925 800
218 217 375
218 219 395
218 7923 199
219 218 395
219 220 560
219 7922 996
220 219 560
220 221 725
220 7931 11
221 222 587
221 220 725
221 7901 960
221 7918 145
222 217 517
222 221 587
222 4895 714
222 4899 722
222 7926 865
223 53 847
223 224 210
223 3937 981
223 4113 52
224 223 210
224 225 833
224 4109 322
224 4110 562
225 53 293
225 224 833
225 4114 290
225 4148 128
237 238 299
237 239 57
237 3930 360
238 237 299
238 239 744
238 241 285
238 3295 944
239 237 57
239 238 744
239 240 856
239 3271 736
239 3889 373
240 239 856
240 241 946
240 3276 358
241 238 285
241 240 946
241 3292 657
321 322 558
321 323 883
321 326 895
321 3481 980
322 321 558
322 324 866
322 325 908
322 3479 740
323 321 883
323 324 8
323 3430 645
323 3432 548
324 322 866
324 323 8
324 3431 606
324 3475 427
325 322 908
325 326 76
325 3480 163
325 4175 211
325 4181 741
326 321 895
326 325 76
326 4173 452
326 4175 758
345 346 375
345 347 199
345 3294 475
346 345 375
346 349 533
346 3290 959
346 3291 809
346 3338 388
347 345 199
347 348 692
347 3285 145
347 3294 567
348 347 692
348 349 554
348 3319 951
349 346 533
349 348 554
349 3338 104
349 3339 767
406 407 864
406 408 470
406 6024 599
407 406 864
407 409 209
407 6025 346
408 406 470
408 409 608
408 6300 500
409 407 209
409 408 608
409 5636 799
409 6301 324
412 413 164
412 414 665
412 683 843
413 412 164
413 418 547
413 755 596
413 7795 946
414 412 665
414 415 793
414 682 766
415 414 793
415 416 31
415 682 586
416 415 31
416 417 392
416 1025 813
417 418 803
417 416 392
417 1024 384
417 7757 801
418 413 547
418 417 803
418 7794 47
421 136 334
421 137 583
421 6770 897
421 6793 686
428 429 318
428 430 40
428 7190 938
429 428 318
429 431 122
430 428 40
430 431 285
430 5927 604
430 5970 803
431 429 122
431 430 285
431 5925 837
481 482 924
481 507 99
482 481 924
482 483 854
482 5926 613
483 482 854
483 484 779
483 4074 451
484 483 779
484 485 755
484 4040 998
484 4074 268
485 484 755
485 486 748
486 485 748
486 487 173
486 5809 232
487 486 173
487 488 423
487 489 544
488 487 423
489 487 544
489 490 29
489 5808 727
490 489 29
490 491 810
490 5951 290
491 490 810
491 492 475
491 4077 4
492 491 475
492 493 174
492 4076 799
493 492 174
493 494 494
493 7131 957
494 493 494
494 495 260
494 7133 662
495 494 260
495 496 370
495 7154 574
496 495 370
496 497 813
496 7145 657
497 496 813
497 498 54
497 7142 306
498 497 54
498 499 699
499 498 699
499 7142 678
499 500 685
500 499 685
500 501 226
500 7141 401
501 500 226
501 502 240
501 7164 283
501 7165 716
502 501 240
502 503 220
502 7179 161
503 502 220
503 504 164
504 503 164
504 505 520
504 4044 602
505 504 520
505 506 680
505 4044 229
506 507 498
506 505 680
507 481 99
507 506 498
509 510 571
509 511 160
509 6685 912
510 509 571
510 513 804
510 6681 960
511 509 160
511 512 187
511 6684 900
511 6696 143
512 511 187
512 513 419
512 6604 917
512 6683 178
513 510 804
513 512 419
513 6616 911
514 515 366
514 516 904
514 1119 368
514 5892 958
515 514 366
515 516 15
515 1120 782
516 514 904
516 515 15
516 5883 237
516 5884 37
516 5894 33
517 518 261
517 519 891
517 8146 841
518 517 261
518 520 36
518 8154 235
518 8155 27
519 517 891
519 520 741
519 8145 331
519 8153 58
520 518 36
520 519 741
520 8153 734
520 8155 761
527 528 447
527 529 537
527 532 524
528 527 447
528 531 364
528 534 287
528 5432 834
529 527 537
529 530 694
529 5418 988
530 529 694
530 531 827
530 5423 52
531 528 364
531 530 827
531 5421 98
531 5422 840
532 527 524
532 533 858
532 5444 725
532 5449 751
533 532 858
533 535 789
533 5450 41
534 528 287
534 535 187
534 5433 654
534 5438 193
535 534 187
535 533 789
535 5443 819
544 545 423
544 546 861
544 4371 632
544 4373 991
545 544 423
545 547 202
545 4481 579
546 544 861
546 547 183
547 545 202
547 546 183
597 598 250
597 599 721
597 6851 628
597 7251 860
598 597 250
598 599 911
598 7066 477
599 597 721
599 598 911
599 6859 399
600 601 762
600 603 216
600 663 202
600 3470 439
601 600 762
601 602 264
601 3484 655
601 3498 265
602 601 264
602 603 478
602 3452 930
603 600 216
603 602 478
603 664 922
609 610 893
609 614 799
610 609 893
610 611 99
610 6013 507
611 7190 169
611 610 99
611 612 424
611 7188 523
612 611 424
612 613 181
613 614 958
613 612 181
614 609 799
614 613 958
655 656 820
655 657 970
656 655 820
656 660 827
656 9392 74
657 655 970
657 658 648
657 9387 602
657 9388 95
658 657 648
658 659 24
658 9395 783
659 660 429
659 658 24
660 656 827
660 659 429
663 600 202
663 665 350
663 3469 543
664 603 922
664 665 776
664 3439 876
664 3451 479
665 663 350
665 664 776
665 3441 302
665 3465 554
677 683 316
677 678 444
678 677 444
678 679 968
678 701 66
679 678 968
679 680 638
679 1998 889
680 679 638
680 681 802
680 2004 559
681 682 860
681 680 802
681 1015 431
682 414 766
682 415 586
682 681 860
683 412 843
683 677 316
683 699 100
699 683 100
699 700 7
699 748 801
700 701 701
700 699 7
700 753 27
701 678 66
701 700 701
701 752 841
747 748 165
747 749 734
747 4896 668
747 7897 67
748 699 801
748 747 165
748 754 394
749 747 734
749 750 754
749 7878 567
750 749 754
750 751 444
750 7875 582
751 752 312
751 750 444
751 7825 764
752 701 841
752 1998 287
752 751 312
753 700 27
754 748 394
754 761 80
754 4898 532
755 413 596
755 756 825
755 758 729
755 7793 226
756 755 825
756 757 45
757 756 45
758 755 729
758 759 644
758 7763 550
759 758 644
759 760 529
759 7762 867
760 761 736
760 759 529
760 7782 374
760 7872 15
761 754 80
761 760 736
761 7874 577
879 880 951
879 882 462
879 2199 446
879 4961 846
880 879 951
880 881 713
880 2191 104
880 2192 624
881 880 713
881 882 821
881 2191 161
882 879 462
882 881 821
882 4968 272
1015 681 431
1015 1016 105
1015 3990 39
1016 1015 105
1016 1017 206
1016 1018 603
1016 1085 961
1017 1016 206
1018 2192 408
1018 1016 603
1018 1019 879
1018 1084 998
1019 2192 811
1019 1018 879
1019 1020 247
1020 1019 247
1020 1021 656
1020 1022 583
1021 1020 656
1022 1020 583
1022 1023 208
1022 2201 331
1022 7745 774
1022 7750 55
1023 1024 285
1023 1022 208
1023 7750 697
1024 417 384
1024 1023 285
1024 7756 487
1025 416 813
1079 2004 875
1079 1085 507
1079 1080 276
1080 1079 276
1080 1081 146
1080 2002 889
1081 1080 146
1081 1082 746
1081 2001 631
1081 7809 865
1082 1081 746
1082 1083 541
1082 1132 2
1082 7799 361
1083 1084 357
1083 1082 541
1083 1137 395
1084 1018 998
1084 1085 15
1084 1083 357
1085 1016 961
1085 3990 230
1085 1079 507
1085 1084 15
1118 1119 718
1118 1120 327
1118 5895 969
1119 514 368
1119 1118 718
1119 5890 946
1119 5896 63
1120 515 782
1120 1118 327
1120 5902 506
1132 1082 2
1132 1133 148
1132 7780 34
1133 1132 148
1133 1134 145
1133 4959 468
1133 4984 345
1134 1133 145
1134 1135 338
1134 4960 556
1135 1134 338
1135 1136 950
1136 1137 424
1136 1135 950
1136 4956 200
1137 2191 649
1137 1083 395
1137 1136 424
1137 4969 707
1168 1169 223
1168 1170 139
1168 8674 592
1168 8677 650
1169 1168 223
1169 1171 795
1169 8707 248
1170 1168 139
1170 1171 346
1170 8658 620
1170 8662 678
1171 1169 795
1171 1170 346
1171 8665 529
1998 679 889
1998 752 287
1998 1999 29
1999 1998 29
1999 2000 114
1999 7823 260
2000 2001 41
2000 1999 114
2000 7821 869
2001 1081 631
2001 2002 663
2001 2000 41
2002 1080 889
2002 2001 663
2002 2003 577
2003 2002 577
2004 680 559
2004 1079 875
2004 3990 988
2055 2056 186
2055 2058 910
2055 6729 814
2055 6739 304
2056 2055 186
2056 2057 844
2056 2080 417
2056 6765 245
2057 2056 844
2057 2058 864
2057 2081 185
2057 6774 895
2058 2055 910
2058 2057 864
2058 6741 930
2058 6743 607
2080 2056 417
2080 2081 446
2080 6773 79
2080 6776 96
2081 2057 185
2081 2080 446
2081 6775 842
2081 6779 963
2191 880 104
2191 881 161
2191 1137 649
2191 4964 365
2192 880 624
2192 1018 408
2192 1019 811
2192 2193 879
2193 2192 879
2199 879 446
2199 2200 597
2199 4900 919
2200 2199 597
2200 2201 212
2200 4890 99
2200 4891 503
2201 1022 331
2201 2200 212
2201 4894 905
3124 3125 166
3124 3126 964
3124 5863 657
3124 5905 502
3125 3124 166
3125 3128 443
3125 5854 55
3126 3124 964
3126 3127 498
3126 5918 437
3127 3126 498
3127 3128 104
3127 5844 70
3127 5859 694
3128 3125 443
3128 3127 104
3128 5857 397
3129 3130 177
3129 3137 621
3129 9122 273
3129 9123 903
3130 3129 177
3130 3131 405
3130 9140 713
3131 3130 405
3131 3132 52
3131 9141 197
3131 9145 802
3132 3131 52
3132 3133 310
3133 3132 310
3133 3134 734
3133 9142 526
3134 3133 734
3134 3135 244
3134 9134 246
3135 3134 244
3135 3136 39
3135 9128 3
3136 3137 729
3136 3135 39
3136 9127 350
3137 3129 621
3137 3136 729
3137 9123 503
3271 239 736
3271 3272 492
3271 3888 666
3272 3271 492
3272 3273 147
3273 3272 147
3273 3274 872
3274 3273 872
3274 3275 653
3275 3276 944
3275 3274 653
3275 3278 633
3276 240 358
3276 3275 944
3276 3277 477
3276 3292 381
3277 3276 477
3277 3278 152
3277 3293 452
3278 3275 633
3278 3277 152
3279 3280 315
3279 3281 251
3279 3284 64
3280 3279 315
3280 3283 590
3280 3284 921
3281 3279 251
3281 3282 272
3281 3286 590
3282 3281 272
3282 3283 517
3282 3289 468
3283 3280 590
3283 3282 517
3283 3288 817
3284 3285 597
3284 3279 64
3284 3280 921
3284 3314 647
3285 347 145
3285 3284 597
3285 3286 356
3285 3319 589
3286 3285 356
3286 3293 640
3286 3281 590
3287 3289 819
3287 3288 937
3287 3312 101
3287 3315 261
3288 3283 817
3288 3287 937
3288 3312 243
3289 3282 468
3289 3287 819
3290 346 959
3290 3294 439
3290 3293 290
3291 3292 280
3291 346 809
3291 3296 24
3292 241 657
3292 3276 381
3292 3291 280
3293 3290 290
3293 3277 452
3293 3286 640
3294 345 475
3294 347 567
3294 3290 439
3295 238 944
3295 3296 574
3295 4080 983
3296 3295 574
3296 3291 24
3296 3338 143
3296 3340 970
3312 3288 243
3312 3287 101
3312 3313 955
3313 3314 124
3313 3312 955
3313 3318 824
3314 3319 522
3314 3284 647
3314 3313 124
3314 3317 587
3315 3287 261
3315 3316 969
3315 3318 331
3316 3315 969
3316 3317 197
3316 3345 12
3316 3376 144
3317 3314 587
3317 3316 197
3317 3348 2
3318 3315 331
3318 3313 824
3319 348 951
3319 3285 589
3319 3314 522
3319 3339 493
3320 3321 970
3320 3322 561
3320 3412 322
3321 3320 970
3321 3324 77
3321 3413 17
3321 3415 175
3322 3320 561
3322 3323 17
3322 3392 972
3323 3322 17
3323 3324 14
3323 3397 67
3324 3321 77
3324 3323 14
3324 3386 52
3324 3405 603
3338 346 388
3338 349 104
3338 3296 143
3339 349 767
3339 3319 493
3339 3340 410
3339 3347 946
3340 3339 410
3340 3296 970
3340 4093 878
3341 3345 471
3341 3342 544
3341 3374 834
3342 3341 544
3342 3343 401
3342 3365 361
3343 3347 525
3343 3342 401
3343 3344 107
3344 3345 808
3344 3343 107
3344 3346 71
3345 3316 12
3345 3341 471
3345 3344 808
3345 3348 103
3346 3348 913
3346 3347 316
3346 3344 71
3347 3339 946
3347 3343 525
3347 3346 316
3348 3317 2
3348 3345 103
3348 3346 913
3349 3350 320
3349 3351 585
3349 3355 987
3350 3349 320
3350 3370 967
3350 3435 308
3351 3349 585
3351 3352 367
3351 3354 165
3352 3351 367
3352 3353 710
3353 3352 710
3354 3351 165
3355 3349 987
3355 3356 307
3356 3355 307
3356 3357 243
3356 4126 987
3357 3356 243
3357 3358 717
3358 3357 717
3358 4126 790
3358 3359 190
3359 3358 190
3359 3360 240
3359 4128 741
3359 4129 224
3360 3359 240
3360 3361 909
3360 4103 775
3361 3360 909
3361 3362 618
3361 3371 173
3361 4101 267
3362 3361 618
3362 3363 314
3362 3373 808
3363 3362 314
3363 3364 733
3364 3365 868
3364 3363 733
3365 3342 361
3365 3364 868
3365 3366 5
3366 3374 627
3366 3365 5
3366 3367 82
3366 3420 683
3367 3366 82
3367 3368 996
3367 3420 153
3368 3367 996
3368 3369 270
3368 3419 739
3369 3432 189
3369 3370 600
3369 3368 270
3369 3399 644
3369 3421 718
3370 3350 967
3370 3369 600
3371 4093 687
3371 3361 173
3371 3372 796
3371 4097 352
3372 3371 796
3372 3373 927
3373 3362 808
3373 3372 927
3374 3341 834
3374 3366 627
3374 3375 321
3375 3374 321
3375 3420 616
3375 3419 626
3375 3377 7
3376 3316 144
3376 3377 8
3377 3376 8
3377 3375 7
3377 3401 412
3378 3379 915
3378 3381 412
3379 3378 915
3379 3380 287
3379 3442 989
3379 3461 110
3380 3441 681
3380 3379 287
3380 3381 104
3380 3382 9
3381 3378 412
3381 3380 104
3381 3384 393
3382 3380 9
3382 3383 386
3382 3437 475
3383 3382 386
3383 3384 677
3383 3410 852
3383 3436 732
3384 3381 393
3384 3383 677
3384 3409 295
3385 3397 644
3385 3386 184
3385 3387 751
3386 3324 52
3386 3385 184
3386 3388 236
3386 3390 251
3387 3385 751
3387 3388 651
3388 3386 236
3388 3387 651
3388 3389 42
3389 3388 42
3389 3390 884
3389 3406 722
3390 3386 251
3390 3405 16
3390 3389 884
3390 3407 176
3391 3392 403
3391 3393 720
3391 3395 78
3391 3404 783
3392 3322 972
3392 3391 403
3392 3394 246
3392 3396 823
3393 3391 720
3393 3394 306
3394 3392 246
3394 3397 378
3394 3393 306
3395 3391 78
3395 3396 421
3395 3398 375
3395 3400 311
3396 3412 314
3396 3392 823
3396 3395 421
3396 3426 243
3397 3323 67
3397 3385 644
3397 3394 378
3398 3399 853
3398 3421 681
3398 3395 375
3398 3426 802
3399 3369 644
3399 3419 131
3399 3398 853
3399 3400 177
3400 3399 177
3400 3401 839
3400 3395 311
3400 3404 802
3401 3419 10
3401 3377 412
3401 3400 839
3401 3402 779
3402 3401 779
3402 3403 122
3403 3404 7
3403 3402 122
3404 3391 783
3404 3400 802
3404 3403 7
3405 3324 603
3405 3413 57
3405 3390 16
3405 3408 73
3406 3409 937
3406 3389 722
3406 3407 140
3407 3410 585
3407 3390 176
3407 3406 140
3407 3408 947
3408 3405 73
3408 3407 947
3408 3411 882
3408 3414 64
3409 3384 295
3409 3410 597
3409 3406 937
3410 3383 852
3410 3407 585
3410 3409 597
3410 3411 436
3411 3410 436
3411 3436 707
3411 3408 882
3411 3440 360
3412 3320 322
3412 3396 314
3412 3417 552
3413 3321 17
3413 3405 57
3413 3414 444
3413 3416 427
3414 3413 444
3414 3408 64
3414 3418 618
3414 3440 456
3415 3430 420
3415 3321 175
3415 3416 422
3415 3417 593
3416 3431 424
3416 3413 427
3416 3415 422
3416 3418 996
3417 3412 552
3417 3415 593
3417 3427 503
3418 3414 618
3418 3416 996
3418 3450 51
3418 3474 417
3419 3368 739
3419 3375 626
3419 3399 131
3419 3401 10
3420 3366 683
3420 3367 153
3420 3375 616
3421 3369 718
3421 3398 681
3421 3428 295
3422 3423 341
3422 3424 498
3422 4178 326
3422 4190 511
3423 3422 341
3423 3425 490
3423 4189 722
3423 4191 69
3424 3480 699
3424 3422 498
3424 3425 607
3424 4184 816
3425 3423 490
3425 3424 607
3425 4185 347
3425 4186 598
3426 3396 243
3426 3398 802
3426 3427 283
3426 3428 704
3427 3430 910
3427 3426 283
3427 3417 503
3427 3429 892
3428 3421 295
3428 3426 704
3428 3429 532
3429 3432 93
3429 3427 892
3429 3428 532
3430 323 645
3430 3415 420
3430 3427 910
3430 3431 109
3431 324 606
3431 3430 109
3431 3416 424
3431 3474 809
3432 323 548
3432 3369 189
3432 3429 93
3432 3434 34
3433 3435 859
3433 3434 723
3433 4132 607
3434 3481 533
3434 3432 34
3434 3433 723
3435 3350 308
3435 3433 859
3435 4127 173
3436 3383 732
3436 3437 481
3436 3411 707
3436 3438 587
3437 3439 570
3437 3382 475
3437 3436 481
3438 3439 997
3438 3451 276
3438 3436 587
3438 3440 56
3439 664 876
3439 3437 570
3439 3438 997
3439 3441 234
3440 3411 360
3440 3414 456
3440 3438 56
3440 3450 265
3441 665 302
3441 3439 234
3441 3380 681
3441 3442 886
3442 3441 886
3442 3379 989
3442 3460 182
3450 3451 454
3450 3440 265
3450 3418 51
3450 3454 661
3451 664 479
3451 3438 276
3451 3450 454
3451 3453 604
3452 602 930
3452 3484 686
3452 3453 415
3453 3452 415
3453 3451 604
3453 3454 354
3453 3478 103
3454 3450 661
3454 3474 385
3454 3453 354
3454 3476 636
3455 3456 747
3455 3459 949
3455 3463 238
3456 3455 747
3456 3457 84
3456 3464 612
3456 3467 664
3457 3456 84
3457 3458 454
3457 3462 702
3458 3461 223
3458 3459 561
3458 3457 454
3459 3455 949
3459 3458 561
3460 3465 710
3460 3442 182
3460 3461 990
3460 3462 120
3461 3379 110
3461 3458 223
3461 3460 990
3462 3460 120
3462 3457 702
3462 3466 429
3462 3468 648
3463 3455 238
3463 3464 304
3463 3523 926
3464 3456 612
3464 3463 304
3464 3524 589
3465 665 554
3465 3460 710
3465 3466 807
3466 3469 74
3466 3465 807
3466 3462 429
3466 3472 639
3467 3456 664
3467 3468 380
3467 3525 838
3468 3467 380
3468 3462 648
3468 3471 368
3468 3485 576
3469 663 543
3469 3470 263
3469 3466 74
3470 600 439
3470 3469 263
3470 3473 997
3470 3494 436
3471 3468 368
3471 3472 930
3471 3486 399
3472 3466 639
3472 3471 930
3472 3473 853
3473 3470 997
3473 3472 853
3473 3487 571
3473 3493 438
3474 3431 809
3474 3475 88
3474 3418 417
3474 3454 385
3475 324 427
3475 3479 31
3475 3474 88
3475 3476 595
3476 3475 595
3476 3454 636
3476 3477 372
3476 3483 757
3477 3478 88
3477 3476 372
3477 3495 320
3478 3484 111
3478 3453 103
3478 3477 88
3479 322 740
3479 3475 31
3479 3480 969
3479 3482 998
3480 325 163
3480 3479 969
3480 3424 699
3480 4178 337
3481 321 980
3481 3434 533
3481 4173 825
3482 3479 998
3482 4184 156
3482 3483 62
3483 4184 213
3483 3476 757
3483 3482 62
3483 3496 16
3484 601 655
3484 3452 686
3484 3478 111
3484 3497 674
3484 3498 658
3485 3468 576
3485 3486 827
3485 3491 929
3486 3471 399
3486 3485 827
3486 3487 415
3486 3490 838
3487 3473 571
3487 3486 415
3487 3488 708
3488 3487 708
3488 3489 794
3488 3492 16
3489 3490 676
3489 3488 794
3489 3534 362
3490 3486 838
3490 3491 170
3490 3489 676
3490 3532 512
3491 3525 707
3491 3485 929
3491 3490 170
3491 3530 719
3492 3493 373
3492 3488 16
3492 3499 324
3492 3570 797
3493 3473 438
3493 3494 353
3493 3492 373
3493 3502 385
3494 3470 436
3494 3498 54
3494 3493 353
3494 3503 842
3495 3477 320
3495 3496 581
3496 4185 952
3496 3483 16
3496 3495 581
3496 3497 927
3497 3484 674
3497 4186 407
3497 3496 927
3497 3504 72
3498 601 265
3498 3484 658
3498 3494 54
3498 3504 530
3499 3492 324
3499 3500 44
3499 3571 554
3500 3499 44
3500 3501 762
3500 3574 35
3501 3502 277
3501 3500 762
3501 3505 956
3502 3493 385
3502 3501 277
3502 3503 257
3503 3494 842
3503 3502 257
3503 3504 942
3503 3505 950
3504 3498 530
3504 3497 72
3504 3503 942
3504 3506 597
3505 3503 950
3505 3501 956
3505 3506 228
3505 3592 841
3505 4541 383
3506 4186 320
3506 3504 597
3506 3505 228
3506 4541 421
3507 3508 767
3507 3513 192
3507 3710 941
3508 3507 767
3508 3509 414
3509 3508 414
3509 3510 996
3509 3682 845
3510 3509 996
3510 3511 264
3510 3677 291
3511 3510 264
3511 3512 793
3511 3618 503
3512 3513 796
3512 3511 793
3512 3514 734
3513 3507 192
3513 3512 796
3514 3512 734
3514 3515 639
3514 3522 665
3515 3514 639
3515 3516 832
3515 3617 265
3516 3515 832
3516 3517 932
3516 3602 816
3516 3607 13
3517 3516 932
3517 3518 228
3518 3517 228
3518 3519 692
3518 3553 670
3518 3601 472
3519 3518 692
3519 3520 667
3519 3544 414
3519 3549 635
3520 3519 667
3520 3521 13
3520 3540 948
3521 3522 202
3521 3520 13
3522 3514 665
3522 3521 202
3523 3463 926
3523 3524 617
3523 3526 726
3524 3464 589
3524 3523 617
3524 3525 822
3524 3527 764
3525 3467 838
3525 3524 822
3525 3491 707
3526 3523 726
3526 3527 532
3526 3528 168
3527 3524 764
3527 3530 247
3527 3526 532
3527 3529 646
3528 3526 168
3528 3529 92
3528 3543 113
3529 3527 646
3529 3528 92
3529 3531 165
3529 3538 592
3530 3491 719
3530 3532 382
3530 3527 247
3530 3531 63
3531 3530 63
3531 3529 165
3531 3533 499
3531 3536 267
3532 3490 512
3532 3530 382
3532 3533 305
3532 3535 990
3533 3532 305
3533 3531 499
3533 3537 130
3533 3539 375
3534 3489 362
3534 3535 611
3534 3570 636
3535 3534 611
3535 3532 990
3535 3539 644
3536 3531 267
3536 3538 457
3536 3537 687
3536 3546 279
3537 3533 130
3537 3536 687
3537 3555 279
3537 3557 369
3538 3529 592
3538 3536 457
3538 3542 476
3538 3545 511
3539 3571 139
3539 3533 375
3539 3535 644
3539 3556 40
3540 3520 948
3540 3541 805
3540 3543 560
3541 3544 351
3541 3540 805
3541 3542 740
3541 3545 415
3542 3543 76
3542 3538 476
3542 3541 740
3543 3540 560
3543 3528 113
3543 3542 76
3544 3519 414
3544 3541 351
3544 3547 886
3545 3538 511
3545 3546 357
3545 3541 415
3545 3547 981
3546 3536 279
3546 3545 357
3546 3548 191
3546 3555 683
3547 3544 886
3547 3545 981
3547 3548 51
3547 3550 631
3548 3546 191
3548 3547 51
3548 3552 823
3548 3559 647
3549 3519 635
3549 3550 231
3549 3554 488
3550 3549 231
3550 3547 631
3550 3551 740
3550 3554 705
3551 3550 740
3551 3552 597
3551 3563 585
3552 3548 823
3552 3551 597
3552 3560 613
3552 3563 739
3553 3518 670
3553 3554 597
3553 3596 557
3553 3597 654
3554 3553 597
3554 3549 488
3554 3550 705
3554 3562 207
3555 3537 279
3555 3546 683
3555 3558 485
3555 3559 985
3556 3539 40
3556 3557 324
3556 3572 287
3557 3537 369
3557 3556 324
3557 3558 600
3558 3555 485
3558 3557 600
3558 3564 240
3559 3555 985
3559 3548 647
3559 3561 718
3559 3564 22
3560 3552 613
3560 3561 919
3560 3565 958
3561 3559 718
3561 3560 919
3561 3566 929
3561 3568 123
3562 3554 207
3562 3563 638
3562 3596 567
3562 3565 894
3562 3610 462
3563 3552 739
3563 3551 585
3563 3562 638
3563 3565 590
3564 3559 22
3564 3558 240
3564 3567 986
3564 3575 278
3565 3563 590
3565 3560 958
3565 3562 894
3565 3569 403
3566 3561 929
3566 3567 7
3566 3577 644
3567 3564 986
3567 3566 7
3567 3576 881
3567 3578 167
3568 3561 123
3568 3569 318
3568 3577 86
3569 3565 403
3569 3568 318
3569 3610 802
3569 3580 53
3570 3492 797
3570 3534 636
3570 3571 883
3571 3499 554
3571 3570 883
3571 3539 139
3571 3572 745
3572 3571 745
3572 3556 287
3572 3573 788
3572 3575 677
3573 3574 609
3573 3572 788
3573 3587 516
3574 3500 35
3574 3573 609
3574 3590 919
3574 3592 964
3575 3572 677
3575 3564 278
3575 3576 669
3575 3586 701
3576 3567 881
3576 3575 669
3576 3581 177
3576 3584 826
3577 3566 644
3577 3568 86
3577 3580 448
3578 3567 167
3578 3579 217
3578 3581 774
3578 3638 446
3579 3578 217
3579 3580 130
3579 3631 199
3579 3640 222
3580 3569 53
3580 3577 448
3580 3579 130
3580 3616 947
3581 3576 177
3581 3578 774
3581 3582 276
3582 3581 276
3582 3583 350
3582 3637 69
3583 3584 604
3583 3582 350
3583 3648 370
3583 3655 424
3584 3576 826
3584 3583 604
3584 3585 350
3584 3656 635
3585 3586 275
3585 3584 350
3585 3593 782
3586 3575 701
3586 3587 531
3586 3585 275
3587 3573 516
3587 3586 531
3587 3588 363
3588 3587 363
3588 3593 98
3588 3589 918
3589 3590 515
3589 3588 918
3589 3659 232
3590 3574 919
3590 3589 515
3590 3591 270
3590 3658 986
3591 3592 374
3591 3590 270
3591 4540 200
3591 4546 94
3592 3574 964
3592 3505 841
3592 3591 374
3592 4208 294
3593 3585 782
3593 3588 98
3593 3659 664
3594 3597 293
3594 3595 315
3594 3598 926
3595 3596 342
3595 3594 315
3595 3609 242
3595 3611 639
3596 3553 557
3596 3562 567
3596 3595 342
3597 3553 654
3597 3594 293
3597 3603 629
3598 3594 926
3598 3599 894
3598 3600 321
3598 3603 925
3599 3602 891
3599 3598 894
3599 3606 549
3599 3608 345
3600 3601 871
3600 3598 321
3600 3603 400
3601 3602 86
3601 3518 472
3601 3600 871
3602 3516 816
3602 3599 891
3602 3601 86
3603 3597 629
3603 3598 925
3603 3600 400
3604 3607 876
3604 3605 523
3604 3626 242
3605 3606 17
3605 3604 523
3605 3624 112
3606 3599 549
3606 3605 17
3606 3622 841
3607 3516 13
3607 3617 710
3607 3604 876
3608 3609 721
3608 3599 345
3608 3623 912
3609 3595 242
3609 3608 721
3609 3612 386
3610 3562 462
3610 3569 802
3610 3611 677
3610 3616 873
3611 3610 677
3611 3595 639
3611 3612 825
3612 3609 386
3612 3611 825
3612 3613 106
3613 3623 602
3613 3612 106
3613 3614 845
3614 3613 845
3614 3615 768
3614 3628 195
3614 3633 885
3615 3616 908
3615 3614 768
3615 3632 535
3616 3610 873
3616 3580 947
3616 3631 508
3616 3615 908
3617 3515 265
3617 3607 710
3617 3621 379
3618 3511 503
3618 3677 984
3618 3619 735
3619 3618 735
3619 3620 760
3619 3680 339
3620 3621 26
3620 3619 760
3620 3687 728
3621 3617 379
3621 3620 26
3621 3625 315
3621 3689 831
3622 3606 841
3622 3624 634
3622 3623 352
3622 3627 986
3623 3608 912
3623 3622 352
3623 3613 602
3623 3629 326
3624 3605 112
3624 3626 655
3624 3622 634
3625 3626 698
3625 3621 315
3625 3627 753
3626 3604 242
3626 3624 655
3626 3625 698
3627 3622 986
3627 3625 753
3627 3630 602
3628 3614 195
3628 3629 943
3628 3763 990
3629 3623 326
3629 3628 943
3629 3630 203
3630 3627 602
3630 3629 203
3630 3757 500
3630 3765 398
3630 3775 248
3630 3777 994
3631 3579 199
3631 3616 508
3631 3632 131
3631 3636 764
3632 3631 131
3632 3615 535
3632 3633 248
3632 3635 987
3633 3614 885
3633 3632 248
3633 3634 412
3634 3633 412
3634 3763 162
3634 3635 629
3634 3664 530
3635 3632 987
3635 3636 992
3635 3634 629
3636 3631 764
3636 3635 992
3636 3643 747
3637 3638 205
3637 3582 69
3637 3644 605
3637 3647 699
3638 3578 446
3638 3637 205
3638 3639 848
3639 3638 848
3639 3640 122
3639 3644 870
3640 3579 222
3640 3639 122
3640 3641 174
3640 3649 803
3641 3640 174
3641 3642 464
3641 3653 742
3642 3643 98
3642 3641 464
3642 3668 638
3643 3636 747
3643 3642 98
3643 3665 140
3644 3637 605
3644 3639 870
3644 3645 88
3644 3649 30
3645 3644 88
3645 3646 568
3645 3652 67
3646 3647 872
3646 3645 568
3646 3663 910
3646 3673 381
3647 3637 699
3647 3648 460
3647 3646 872
3648 3583 370
3648 3647 460
3648 3660 246
3649 3640 803
3649 3644 30
3649 3653 262
3650 3652 351
3650 3651 886
3650 3676 631
3651 3650 886
3651 3654 739
3651 3671 230
3652 3645 67
3652 3650 351
3652 3673 241
3653 3641 742
3653 3649 262
3653 3654 659
3654 3653 659
3654 3668 52
3654 3651 739
3654 3670 411
3655 3583 424
3655 3656 482
3655 3662 260
3656 3584 635
3656 3655 482
3656 3657 149
3657 3656 149
3657 3658 179
3657 4539 387
3658 3590 986
3658 3657 179
3658 4540 155
3659 3593 664
3659 3589 232
3660 3648 246
3660 3663 9
3660 3661 197
3661 3660 197
3661 3662 530
3661 4566 335
3662 3655 260
3662 3661 530
3662 4539 888
3662 4553 482
3663 3646 910
3663 3660 9
3663 3675 477
3663 4607 180
3664 3634 530
3664 3665 164
3664 3666 663
3665 3664 164
3665 3643 140
3665 3669 951
3666 3664 663
3666 3667 449
3666 3764 182
3666 3783 19
3666 3786 151
3667 3668 227
3667 3670 598
3667 3666 449
3668 3642 638
3668 3654 52
3668 3667 227
3669 3665 951
3670 3654 411
3670 3667 598
3670 3672 687
3670 3784 462
3671 3651 230
3671 3672 862
3671 3674 531
3671 3798 404
3672 3671 862
3672 3670 687
3672 3785 679
3672 3799 144
3673 3646 381
3673 3652 241
3673 3676 588
3674 3676 674
3674 3671 531
3674 3675 943
3674 3798 753
3675 3663 477
3675 3674 943
3675 4606 360
3675 4610 485
3676 3673 588
3676 3650 631
3676 3674 674
3677 3510 291
3677 3618 984
3677 3678 788
3678 3677 788
3678 3679 40
3678 3681 992
3679 3680 879
3679 3678 40
3679 3693 514
3680 3619 339
3680 3679 879
3680 3688 424
3681 3682 448
3681 3678 992
3681 3696 428
3682 3509 845
3682 3681 448
3682 3697 397
3683 3684 210
3683 3685 582
3683 3780 697
3684 3688 112
3684 3683 210
3684 3738 780
3685 3683 582
3685 3686 50
3685 3756 30
3686 3687 600
3686 3689 653
3686 3685 50
3687 3620 728
3687 3686 600
3687 3689 164
3688 3680 424
3688 3684 112
3688 3692 429
3689 3621 831
3689 3687 164
3689 3686 653
3690 3691 478
3690 3695 330
3690 3707 305
3691 3692 76
3691 3690 478
3691 3727 960
3692 3688 429
3692 3691 76
3692 3733 221
3693 3679 514
3693 3694 54
3694 3693 54
3694 3696 736
3694 3695 216
3695 3690 330
3695 3694 216
3695 3699 688
3696 3681 428
3696 3694 736
3696 3697 664
3697 3682 397
3697 3696 664
3697 3698 84
3698 3697 84
3698 3699 51
3698 3709 856
3699 3695 688
3699 3698 51
3699 3708 46
3705 3706 510
3705 3713 681
3705 3716 750
3706 3707 185
3706 3705 510
3706 3715 415
3707 3690 305
3707 3706 185
3707 3708 374
3708 3707 374
3708 3699 46
3708 3709 721
3709 3710 842
3709 3698 856
3709 3708 721
3710 3507 941
3710 3709 842
3710 3711 616
3711 3710 616
3711 3713 831
3711 3712 347
3712 3713 58
3712 3711 347
3713 3705 681
3713 3711 831
3713 3712 58
3714 3716 167
3714 3715 805
3714 3723 536
3715 3727 931
3715 3706 415
3715 3714 805
3716 3705 750
3716 3714 167
3716 3724 848
3719 3720 720
3719 3721 893
3719 3744 531
3720 3719 720
3720 3726 153
3720 3749 791
3720 3750 303
3721 3719 893
3721 3722 400
3722 3723 191
3722 3721 400
3722 3741 181
3723 3714 536
3723 3722 191
3723 3728 990
3724 3716 848
3724 3725 766
3725 3724 766
3725 3726 908
3726 3720 153
3726 3725 908
3727 3691 960
3727 3715 931
3727 3728 399
3727 3732 642
3728 3727 399
3728 3723 990
3728 3735 820
3732 3727 642
3732 3733 556
3732 3734 285
3733 3692 221
3733 3732 556
3733 3739 316
3734 3732 285
3734 3735 581
3734 3740 716
3734 3835 892
3735 3728 820
3735 3734 581
3735 3742 36
3735 3845 250
3736 3739 67
3736 3740 869
3736 3737 431
3737 3738 924
3737 3736 431
3737 3833 81
3738 3684 780
3738 3737 924
3738 3782 423
3739 3733 316
3739 3736 67
3739 3740 312
3740 3734 716
3740 3739 312
3740 3736 869
3741 3722 181
3741 3742 620
3741 3743 759
3742 3741 620
3742 3735 36
3742 3755 318
3743 3744 45
3743 3741 759
3743 3754 172
3743 7522 141
3744 3719 531
3744 3743 45
3744 7523 668
3745 3746 19
3745 3747 814
3745 3847 856
3746 3754 915
3746 3745 19
3746 3747 576
3746 7547 202
3747 3755 60
3747 3745 814
3747 3746 576
3748 3749 542
3748 3750 820
3748 7518 377
3749 3720 791
3749 3748 542
3749 3751 201
3749 3753 307
3750 3720 303
3750 3748 820
3750 7519 793
3751 3749 201
3751 3752 85
3751 7517 642
3751 7539 43
3752 3751 85
3752 3753 298
3752 7538 900
3753 3749 307
3753 7523 576
3753 3752 298
3754 3743 172
3754 3746 915
3754 7524 14
3754 7551 924
3755 3742 318
3755 3845 1000
3755 3747 60
3756 3757 46
3756 3685 30
3756 3779 122
3757 3630 500
3757 3756 46
3757 3778 319
3763 3628 990
3763 3634 162
3763 3765 719
3764 3765 248
3764 3666 182
3764 3776 501
3764 3786 271
3765 3630 398
3765 3763 719
3765 3764 248
3769 3770 178
3769 3774 889
3769 3820 809
3770 3769 178
3770 3771 288
3770 3821 361
3771 3770 288
3771 3772 302
3771 3821 99
3772 3777 951
3772 3771 302
3772 3773 196
3773 3778 330
3773 3774 961
3773 3772 196
3774 3769 889
3774 3773 961
3774 3781 821
3775 3630 248
3775 3776 881
3775 3807 641
3775 3808 777
3776 3775 881
3776 3764 501
3776 3794 205
3776 3807 438
3777 3630 994
3777 3772 951
3777 3778 190
3778 3757 319
3778 3777 190
3778 3779 508
3778 3773 330
3779 3780 876
3779 3756 122
3779 3778 508
3780 3683 697
3780 3779 876
3780 3781 980
3781 3780 980
3781 3782 240
3781 3774 821
3781 3820 276
3782 3738 423
3782 3781 240
3782 3815 749
3782 3834 166
3783 3666 19
3783 3784 988
3783 3787 811
3784 3670 462
3784 3783 988
3784 3785 394
3784 3792 810
3785 3672 679
3785 3784 394
3785 3792 357
3785 3802 758
3786 3666 151
3786 3764 271
3786 3787 892
3786 3793 186
3787 3783 811
3787 3786 892
3787 3793 43
3788 3789 575
3788 3795 969
3788 3819 484
3788 3822 595
3788 3823 968
3789 3788 575
3789 3790 391
3789 3796 277
3790 3789 391
3790 3791 727
3790 3796 862
3791 3792 74
3791 3790 727
3791 3797 837
3792 3784 810
3792 3785 357
3792 3791 74
3793 3786 186
3793 3794 377
3793 3787 43
3794 3776 205
3794 3793 377
3794 3795 799
3795 3794 799
3795 3788 969
3795 3822 632
3796 3789 277
3796 3790 862
3796 3797 579
3796 3803 799
3796 3824 346
3796 3826 175
3797 3802 183
3797 3796 579
3797 3791 837
3798 3671 404
3798 3674 753
3798 3799 661
3798 4610 415
3799 3672 144
3799 3798 661
3799 3801 371
3800 3802 668
3800 3801 603
3800 3804 162
3801 3799 371
3801 3800 603
3801 4620 421
3802 3785 758
3802 3797 183
3802 3800 668
3803 3796 799
3803 3804 486
3803 3829 22
3804 3803 486
3804 3800 162
3804 3830 30
3805 3807 660
3805 3806 304
3805 3816 433
3806 3808 45
3806 3805 304
3806 3818 679
3807 3775 641
3807 3776 438
3807 3805 660
3807 3817 164
3808 3775 777
3808 3806 45
3809 3810 530
3809 3811 441
3809 3860 708
3810 3815 818
3810 3809 530
3810 3837 373
3810 3867 92
3811 3819 910
3811 3809 441
3811 3812 728
3811 3842 483
3812 3818 409
3812 3811 728
3812 3813 291
3813 3821 280
3813 3812 291
3813 3814 728
3814 3820 15
3814 3815 146
3814 3813 728
3815 3782 749
3815 3810 818
3815 3814 146
3816 3819 413
3816 3805 433
3816 3817 754
3816 3818 785
3817 3807 164
3817 3822 75
3817 3816 754
3818 3806 679
3818 3816 785
3818 3812 409
3819 3788 484
3819 3811 910
3819 3816 413
3819 3841 951
3820 3769 809
3820 3781 276
3820 3814 15
3821 3770 361
3821 3771 99
3821 3813 280
3822 3788 595
3822 3795 632
3822 3817 75
3823 3788 968
3823 3824 64
3823 3841 742
3824 3823 64
3824 3796 346
3824 3825 695
3824 3864 676
3825 3824 695
3825 3826 553
3825 3861 873
3826 3796 175
3826 3825 553
3826 3828 343
3827 3829 649
3827 3828 730
3827 3831 861
3827 4826 88
3828 3826 343
3828 3827 730
3828 3863 84
3829 3803 22
3829 3827 649
3829 3830 526
3830 3804 30
3830 4620 711
3830 3829 526
3830 3832 271
3831 3827 861
3831 3832 834
3831 4825 821
3832 3830 271
3832 3831 834
3832 4824 936
3833 3737 81
3833 3834 753
3833 3836 669
3834 3833 753
3834 3782 166
3834 3838 77
3835 3734 892
3835 3836 39
3835 3843 364
3836 3835 39
3836 3833 669
3836 3840 597
3837 3810 373
3837 3838 58
3837 3850 150
3837 3855 144
3838 3834 77
3838 3837 58
3838 3839 403
3839 3838 403
3839 3840 830
3839 3850 883
3839 3849 630
3840 3836 597
3840 3839 830
3840 3846 927
3841 3819 951
3841 3823 742
3841 3842 108
3841 3864 948
3842 3811 483
3842 3841 108
3842 3859 269
3842 3866 775
3843 3835 364
3843 3844 667
3843 3846 543
3844 3845 795
3844 3843 667
3844 3848 396
3845 3735 250
3845 3755 1000
3845 3844 795
3846 3843 543
3846 3840 927
3846 3848 670
3847 3745 856
3847 3848 802
3847 3849 916
3847 3856 729
3848 3847 802
3848 3846 670
3848 3844 396
3849 3847 916
3849 3850 32
3849 3839 630
3849 3851 705
3850 3837 150
3850 3839 883
3850 3849 32
3850 3854 432
3851 3849 705
3851 3856 568
3851 3852 464
3851 7550 255
3852 3851 464
3852 3853 437
3852 7550 497
3853 3854 469
3853 3852 437
3853 3868 201
3854 3850 432
3854 3855 444
3854 3853 469
3854 3870 657
3855 3837 144
3855 3867 744
3855 3854 444
3855 3870 378
3856 3847 729
3856 3851 568
3856 7548 711
3857 3860 760
3857 3858 827
3857 3869 396
3858 3859 668
3858 3857 827
3858 3874 562
3859 3842 269
3859 3858 668
3859 3871 957
3860 3809 708
3860 3857 760
3860 3867 874
3861 3825 873
3861 3864 478
3861 3862 78
3862 3861 78
3862 3863 618
3862 3865 602
3862 4851 497
3863 3828 84
3863 4826 483
3863 3862 618
3863 4828 718
3864 3824 676
3864 3841 948
3864 3861 478
3864 3865 510
3865 3864 510
3865 3866 821
3865 3862 602
3865 4855 484
3866 3842 775
3866 3865 821
3866 3871 33
3866 3884 926
3867 3810 92
3867 3860 874
3867 3855 744
3868 3853 201
3868 3869 41
3868 3870 88
3868 7575 218
3869 3868 41
3869 3857 396
3869 7576 699
3869 7581 506
3870 3855 378
3870 3854 657
3870 3868 88
3871 3859 957
3871 3866 33
3871 3873 524
3871 3882 876
3872 3874 205
3872 3873 384
3872 7582 19
3873 3871 524
3873 3872 384
3873 3880 9
3874 3858 562
3874 3872 205
3880 3873 9
3880 7582 786
3880 3881 792
3880 7583 488
3881 3882 654
3881 3880 792
3881 4871 890
3882 3871 876
3882 3881 654
3882 3883 818
3883 3884 256
3883 3882 818
3883 4868 129
3884 3866 926
3884 3883 256
3884 4867 204
3885 3886 918
3885 3894 895
3885 3944 804
3886 3885 918
3886 3887 623
3886 3943 473
3886 3957 950
3887 3888 623
3887 3886 623
3887 3921 976
3888 3271 666
3888 3887 623
3888 3922 810
3889 239 373
3889 3930 299
3889 3890 212
3890 3889 212
3890 3891 202
3890 3929 603
3891 3890 202
3891 3892 876
3891 3936 339
3892 3891 876
3892 3893 644
3893 3894 408
3893 3892 644
3893 3924 821
3894 3885 895
3894 3893 408
3894 3895 859
3894 3944 288
3895 3894 859
3896 3897 730
3896 3898 44
3896 3993 72
3897 3896 730
3897 3901 365
3898 3896 44
3898 3899 957
3898 3997 411
3899 3898 957
3899 3900 396
3899 3984 486
3900 3901 919
3900 3899 396
3900 3984 382
3901 3897 365
3901 3900 919
3901 3983 823
3901 6039 140
3904 3905 240
3904 3906 812
3904 3968 769
3904 6040 117
3905 3904 240
3905 3907 878
3905 3968 808
3906 6039 542
3906 3904 812
3906 3907 374
3907 3921 299
3907 3922 765
3907 3905 878
3907 3906 374
3908 3909 878
3908 3910 732
3908 7240 654
3908 7274 913
3909 3908 878
3909 3913 424
3909 7265 356
3910 3908 732
3910 3911 87
3910 7241 631
3911 3910 87
3911 3912 416
3911 7242 716
3912 3913 675
3912 3911 416
3912 7197 816
3912 7212 779
3912 7217 480
3913 3909 424
3913 3912 675
3913 6011 43
3913 7197 231
3914 3915 137
3914 3916 329
3914 7269 898
3915 7240 614
3915 3914 137
3915 3920 473
3915 7268 597
3916 3914 329
3916 3917 692
3916 7246 795
3917 3916 692
3917 3918 864
3917 7245 862
3918 3917 864
3918 3919 909
3918 7219 184
3919 7217 376
3919 3920 28
3919 3918 909
3919 7221 192
3920 7241 572
3920 3915 473
3920 3919 28
3921 3887 976
3921 3907 299
3921 3956 437
3921 3961 155
3922 3888 810
3922 3907 765
3922 3983 183
3923 3924 374
3923 3925 636
3924 3893 821
3924 3923 374
3924 3926 185
3925 3923 636
3925 3926 364
3925 3945 207
3926 3924 185
3926 3925 364
3927 3929 435
3927 3928 641
3928 3927 641
3928 3931 717
3928 3932 837
3929 3890 603
3929 3927 435
3930 237 360
3930 3889 299
3930 3931 165
3931 3930 165
3931 3928 717
3931 4079 892
3932 3928 837
3932 3933 498
3932 3941 600
3932 3949 45
3933 3945 14
3933 3932 498
3933 3934 469
3934 3933 469
3934 3935 520
3935 3936 420
3935 3934 520
3936 3891 339
3936 3935 420
3937 223 981
3937 4120 311
3937 3938 640
3937 3940 415
3938 3937 640
3938 3939 906
3938 4082 156
3938 4154 662
3939 3938 906
3939 3940 163
3939 4083 89
3940 3937 415
3940 4113 196
3940 3939 163
3941 3932 600
3941 3942 722
3941 3948 274
3942 3943 280
3942 3941 722
3942 4280 118
3943 3886 473
3943 3942 280
3943 4388 402
3943 4431 33
3944 3885 804
3944 3894 288
3944 3945 598
3945 3944 598
3945 3925 207
3945 3933 14
3945 3946 820
3946 3945 820
3947 3948 772
3947 3952 754
3947 4272 814
3948 3941 274
3948 3947 772
3948 4280 99
3949 3932 45
3949 3950 166
3949 3953 258
3949 3954 687
3950 3949 166
3950 3951 85
3950 3953 839
3951 3952 238
3951 3950 85
3951 4119 166
3952 3947 754
3952 3951 238
3952 4232 880
3952 4233 760
3953 3949 258
3953 3950 839
3953 3954 486
3953 4119 31
3954 3949 687
3954 3953 486
3954 4084 174
3955 3956 76
3955 3959 634
3956 3921 437
3956 3955 76
3956 3960 48
3957 3886 950
3957 3958 598
3957 7643 796
3958 3957 598
3958 3959 139
3959 3955 634
3959 3958 139
3959 4381 515
3960 3956 48
3960 3961 240
3960 4387 94
3960 4522 746
3961 3921 155
3961 3960 240
3961 3962 418
3961 4534 389
3961 4538 391
3962 3961 418
3962 3963 92
3962 4533 813
3963 3962 92
3963 3964 233
3963 5646 961
3964 3963 233
3964 3965 627
3964 5645 380
3965 3964 627
3965 3966 549
3965 5644 588
3966 3965 549
3966 3967 720
3966 5644 24
3967 3968 151
3967 3966 720
3968 3904 769
3968 3905 808
3968 3967 151
3974 6040 529
3974 3975 175
3974 3979 211
3975 3974 175
3975 3976 590
3975 5643 106
3976 3975 590
3976 3977 802
3976 5643 18
3977 3976 802
3977 3978 262
3978 3979 261
3978 3977 262
3978 6037 647
3979 3974 211
3979 3978 261
3979 6036 257
3980 3981 9
3980 3986 564
3980 4030 501
3981 3980 9
3981 3982 828
3981 4029 128
3982 3983 740
3982 3981 828
3983 3922 183
3983 3901 823
3983 3982 740
3984 3899 486
3984 3900 382
3984 3985 989
3985 3984 989
3985 3986 750
3985 7287 699
3986 3980 564
3986 3985 750
3986 7286 488
3990 2004 988
3990 1015 39
3990 1085 230
3991 3993 649
3991 3992 951
3991 3996 742
3992 3991 951
3992 3994 106
3992 4002 407
3992 4008 248
3993 3896 72
3993 3991 649
3993 3994 93
3994 3993 93
3994 3992 106
3994 4004 429
3995 3997 86
3995 3996 104
3995 4058 883
3995 7024 831
3996 3991 742
3996 3995 104
3996 4006 25
3996 4056 655
3997 3898 411
3997 3995 86
3998 3999 581
3998 4001 314
3998 7292 73
3999 3998 581
3999 4000 149
3999 8023 158
3999 8077 773
4000 3999 149
4000 4001 636
4000 4042 290
4000 8112 713
4001 3998 314
4001 4000 636
4001 4043 540
4002 3992 407
4002 4003 944
4002 4009 200
4003 4002 944
4003 4005 604
4003 4010 69
4003 4011 260
4004 3994 429
4004 4005 595
4004 4017 596
4005 4004 595
4005 4003 604
4005 4016 243
4006 3996 25
4006 4007 674
4006 4073 8
4007 4006 674
4007 4012 942
4007 4014 399
4007 4015 229
4008 3992 248
4008 4009 416
4009 4002 200
4009 4008 416
4010 4003 69
4011 4003 260
4011 4012 631
4011 4016 750
4011 5627 427
4012 4011 631
4012 4007 942
4013 4014 179
4013 4015 279
4013 5637 89
4013 5670 840
4014 4007 399
4014 4013 179
4015 4007 229
4015 4013 279
4015 5627 111
4015 5638 793
4016 4005 243
4016 4011 750
4016 4017 78
4017 4004 596
4017 4016 78
4017 5629 825
4022 4023 862
4022 4024 724
4023 4022 862
4023 4025 826
4024 4022 724
4024 4025 234
4025 4023 826
4025 4024 234
4025 5639 648
4025 5771 383
4026 4027 360
4026 4028 726
4026 5804 498
4027 4030 613
