0 1 97
0 2 821
0 469 766
1 0 97
1 6 421
1 385 945
2 0 821
2 3 162
3 2 162
3 4 990
3 419 75
3 422 562
4 3 990
4 5 809
4 98 398
4 420 395
5 6 263
5 4 809
5 98 344
6 1 421
6 5 263
7 8 303
7 9 238
7 79 381
8 7 303
8 33 666
9 7 238
9 10 867
9 84 712
10 9 867
10 11 487
10 84 670
10 110 995
11 10 487
11 12 77
11 110 259
12 11 77
12 13 877
12 95 779
12 108 131
13 12 877
13 14 207
13 94 332
13 95 301
14 13 207
14 15 25
14 16 626
14 77 268
15 14 25
16 14 626
16 17 307
17 16 307
17 77 136
17 18 415
18 17 415
18 19 988
19 18 988
19 20 980
19 23 733
20 19 980
20 21 92
20 22 600
21 20 92
22 20 600
23 19 733
23 24 842
23 25 423
24 23 842
25 23 423
25 26 731
25 27 47
26 25 731
27 25 47
27 28 54
27 29 406
28 27 54
29 27 406
29 30 423
30 29 423
30 31 85
31 30 85
31 32 828
32 33 895
32 31 828
33 8 666
33 32 895
33 34 827
34 33 827
55 56 756
55 57 689
56 55 756
56 76 359
57 55 689
57 58 227
58 57 227
58 59 494
59 58 494
59 60 901
59 61 632
59 62 36
60 59 901
61 59 632
62 59 36
62 63 614
63 62 614
63 64 271
63 339 5
64 63 271
64 65 808
65 64 808
65 66 933
66 65 933
66 67 895
66 68 610
67 66 895
68 66 610
68 69 631
68 70 576
69 68 631
70 68 576
70 71 751
71 70 751
71 72 428
72 71 428
72 73 274
72 74 554
73 72 274
74 76 324
74 72 554
74 75 408
75 74 408
76 56 359
76 74 324
77 14 268
77 94 351
77 17 136
78 79 513
78 80 752
78 455 923
79 7 381
79 78 513
79 119 160
80 78 752
80 81 167
81 80 167
81 82 815
81 104 701
82 81 815
82 83 357
82 113 849
83 84 333
83 82 357
83 112 436
84 9 712
84 10 670
84 83 333
84 85 16
85 84 16
86 87 122
86 88 660
86 128 159
86 315 86
87 86 122
87 97 913
87 134 468
88 86 660
88 89 362
88 128 203
89 88 362
89 90 410
89 91 593
90 89 410
91 89 593
91 92 5
92 91 5
92 93 698
93 94 744
93 92 698
93 133 909
94 13 332
94 77 351
94 93 744
95 12 779
95 13 301
95 96 614
96 95 614
96 97 816
97 87 913
97 96 816
97 123 785
97 134 416
98 4 398
98 5 344
98 470 641
104 81 701
104 105 686
104 107 300
104 124 696
105 455 183
105 104 686
105 106 730
106 105 730
106 107 388
106 135 252
106 151 861
107 104 300
107 106 388
107 124 710
107 135 718
108 12 131
108 109 590
108 113 228
108 123 271
109 108 590
109 113 703
109 111 710
110 10 995
110 11 259
110 111 38
110 112 205
111 110 38
111 112 180
111 109 710
112 110 205
112 83 436
112 111 180
112 114 619
113 108 228
113 82 849
113 109 703
114 112 619
115 116 918
115 117 434
115 120 41
115 169 607
116 119 916
116 115 918
116 122 402
117 115 434
117 118 222
117 169 791
117 454 158
118 119 591
118 117 222
118 453 480
119 79 160
119 116 916
119 118 591
119 342 561
120 115 41
120 121 250
120 170 577
120 171 822
121 120 250
121 122 64
121 171 388
122 116 402
122 121 64
123 108 271
123 97 785
123 124 684
124 104 696
124 123 684
124 107 710
125 126 755
125 127 767
125 176 194
125 355 405
125 383 462
126 125 755
126 127 145
126 176 291
126 354 357
127 125 767
127 126 145
127 353 72
127 443 238
128 86 159
128 88 203
128 129 734
128 452 308
129 128 734
129 130 16
129 154 525
129 444 192
130 129 16
130 131 318
130 132 590
130 154 644
131 130 318
132 133 119
132 130 590
132 138 679
133 93 909
133 132 119
133 139 829
134 87 468
134 97 416
134 135 877
134 316 945
135 134 877
135 107 718
135 106 252
135 316 886
138 132 679
138 139 85
138 155 188
139 133 829
139 138 85
139 387 167
140 141 125
140 142 29
140 391 44
141 140 125
141 142 817
141 388 659
142 140 29
142 141 817
142 389 298
143 144 868
143 146 5
143 177 929
144 143 868
144 145 739
144 178 554
144 186 229
145 452 457
145 144 739
145 146 224
146 315 241
146 143 5
146 145 224
147 148 994
147 149 602
147 166 247
147 167 539
148 147 994
148 152 15
148 168 708
149 147 602
149 150 521
149 317 374
150 151 233
150 316 893
150 149 521
151 106 861
151 150 233
151 152 231
151 454 74
152 151 231
152 169 126
152 148 15
153 176 854
153 354 29
153 154 385
153 155 777
154 129 525
154 130 644
154 153 385
154 356 56
155 176 497
155 138 188
155 153 777
156 157 855
156 158 561
157 156 855
157 175 131
158 156 561
158 159 620
159 158 620
159 160 688
160 159 688
160 161 412
161 160 412
161 162 455
162 166 464
162 161 455
162 163 928
163 162 928
163 164 901
163 165 870
164 163 901
165 163 870
166 147 247
166 162 464
167 147 539
168 148 708
169 115 607
169 117 791
169 152 126
170 120 577
171 120 822
171 121 388
171 172 266
172 171 266
172 173 719
173 175 725
173 172 719
173 174 78
174 173 78
175 157 131
175 173 725
176 125 194
176 126 291
176 153 854
176 155 497
177 143 929
177 178 146
177 187 289
178 144 554
178 177 146
178 186 821
179 180 984
179 181 588
179 425 72
180 179 984
180 183 652
180 379 338
180 434 722
181 179 588
181 182 971
181 426 164
182 181 971
182 183 398
182 423 223
183 422 225
183 180 652
183 182 398
183 380 468
186 144 229
186 178 821
186 187 273
187 177 289
187 186 273
187 314 932
188 189 952
188 190 760
188 369 953
189 188 952
189 191 334
189 357 740
189 358 106
190 188 760
190 191 978
190 193 959
190 351 347
191 189 334
191 190 978
191 441 176
192 193 487
192 194 238
192 201 229
193 190 959
193 192 487
193 195 676
193 461 832
194 192 238
194 195 652
194 203 448
194 375 366
195 193 676
195 194 652
195 462 206
201 192 229
201 202 791
201 352 567
202 201 791
202 203 986
203 194 448
203 202 986
203 373 964
204 205 502
204 206 587
204 213 395
204 372 365
205 373 339
205 204 502
205 209 426
205 374 191
206 204 587
206 207 771
206 433 462
207 206 771
207 208 36
207 432 965
208 209 342
208 207 36
208 344 388
208 432 868
209 205 426
209 208 342
209 344 202
209 374 920
210 211 225
210 212 845
210 235 894
211 213 333
211 210 225
211 350 28
211 371 892
212 213 591
212 210 845
212 227 235
212 230 656
213 204 395
213 211 333
213 212 591
213 372 990
214 215 577
214 216 469
214 309 423
215 214 577
215 216 701
215 312 163
216 214 469
216 215 701
216 308 380
226 227 698
226 228 150
226 251 575
227 212 235
227 226 698
227 234 854
228 226 150
228 229 466
228 255 131
229 230 361
229 228 466
229 255 837
230 212 656
230 229 361
230 260 425
230 261 51
231 232 629
231 233 888
231 289 360
232 231 629
232 236 697
232 245 892
233 234 575
233 231 888
233 273 485
233 276 262
234 227 854
234 251 307
234 233 575
235 210 894
235 236 908
236 235 908
236 232 697
236 250 735
242 243 462
242 244 856
243 250 159
243 242 462
243 248 337
244 245 302
244 242 856
245 232 892
245 244 302
245 246 995
245 247 989
246 245 995
247 245 989
247 250 991
247 248 630
248 250 984
248 243 337
248 247 630
248 249 1000
249 248 1000
250 236 735
250 243 159
250 247 991
250 248 984
251 226 575
251 234 307
251 273 313
254 255 862
254 256 968
255 228 131
255 229 837
255 254 862
256 254 968
256 257 530
257 256 530
257 258 934
257 272 868
258 257 934
258 259 544
259 260 276
259 258 544
260 432 590
260 230 425
260 259 276
261 230 51
262 263 783
262 264 453
262 549 628
263 262 783
263 278 830
263 288 469
263 550 342
264 262 453
264 265 629
264 267 704
265 264 629
265 266 976
266 265 976
267 264 704
267 268 652
268 267 652
268 269 300
268 290 208
268 297 884
269 268 300
269 270 418
270 269 418
270 271 849
270 301 714
271 272 857
271 270 849
271 301 948
272 257 868
272 271 857
273 251 313
273 233 485
273 274 60
273 275 928
274 273 60
275 273 928
276 233 262
276 289 519
276 277 495
276 278 492
277 276 495
278 276 492
278 263 830
278 279 789
279 278 789
288 289 281
288 263 469
289 231 360
289 276 519
289 288 281
290 268 208
290 291 81
290 327 537
291 290 81
291 292 327
291 327 278
292 291 327
292 293 203
292 480 615
293 292 203
293 294 84
293 480 488
294 293 84
294 295 763
295 294 763
295 296 315
296 297 800
296 295 315
297 268 884
297 296 800
301 270 714
301 271 948
302 303 671
302 304 750
302 305 756
303 317 999
303 302 671
304 302 750
305 302 756
305 306 995
306 305 995
306 307 873
307 308 858
307 306 873
308 216 380
308 307 858
309 214 423
309 310 194
309 311 276
310 309 194
311 309 276
312 314 714
312 215 163
312 313 658
313 312 658
314 187 932
314 312 714
315 86 86
315 146 241
316 134 945
316 135 886
316 150 893
317 149 374
317 303 999
317 318 902
318 317 902
327 290 537
327 291 278
331 332 762
331 333 274
331 386 198
332 331 762
332 333 47
333 331 274
333 332 47
333 404 529
338 339 801
338 342 316
338 340 622
339 63 5
339 338 801
339 341 403
340 342 241
340 338 622
340 341 95
341 339 403
341 340 95
342 119 561
342 338 316
342 340 241
343 432 680
343 344 893
344 209 202
344 208 388
344 343 893
350 351 392
350 352 810
350 211 28
351 190 347
351 350 392
351 371 863
352 201 567
352 350 810
352 373 946
353 127 72
353 354 991
353 356 926
353 358 149
354 126 357
354 153 29
354 353 991
355 125 405
355 381 512
356 353 926
356 154 56
356 357 308
356 359 733
357 356 308
357 189 740
357 360 319
358 353 149
358 189 106
358 440 598
359 444 851
359 356 733
359 360 768
359 361 826
360 357 319
360 359 768
360 362 155
361 359 826
361 362 262
362 360 155
362 361 262
362 363 93
363 362 93
363 364 58
363 370 326
364 363 58
364 365 685
364 366 786
365 364 685
366 364 786
366 370 572
366 367 392
367 369 566
367 366 392
367 368 985
368 369 196
368 367 985
369 188 953
369 367 566
369 368 196
370 371 95
370 363 326
370 366 572
371 351 863
371 211 892
371 370 95
372 373 540
372 204 365
372 213 990
373 203 964
373 352 946
373 205 339
373 372 540
374 375 438
374 205 191
374 209 920
375 194 366
375 374 438
375 460 440
379 180 338
379 380 828
379 435 712
380 469 704
380 183 468
380 379 828
381 355 512
381 383 900
381 382 892
382 381 892
382 392 733
382 393 282
383 125 462
383 381 900
383 384 974
384 385 753
384 383 974
384 468 8
385 1 945
385 384 753
385 386 971
386 385 971
386 387 695
386 331 198
387 139 167
387 386 695
387 388 729
388 387 729
388 141 659
388 392 328
389 142 298
389 391 491
389 390 861
390 389 861
391 140 44
391 389 491
392 388 328
392 382 733
392 393 137
393 382 282
393 392 137
404 333 529
404 405 958
405 404 958
405 410 379
405 411 103
410 470 579
410 405 379
410 411 650
410 472 808
411 405 103
411 410 650
419 3 75
419 420 113
420 4 395
420 419 113
422 3 562
422 183 225
422 423 876
423 422 876
423 182 223
424 425 828
424 426 84
424 427 357
425 179 72
425 424 828
425 426 166
426 181 164
426 425 166
426 424 84
427 424 357
432 207 965
432 208 868
432 260 590
432 343 680
433 206 462
434 180 722
434 435 301
434 460 890
435 379 712
435 434 301
435 461 106
440 358 598
440 441 576
441 191 176
441 440 576
441 442 591
442 443 537
442 441 591
442 468 439
443 127 238
443 442 537
444 129 192
444 359 851
452 128 308
452 145 457
453 118 480
453 454 980
454 455 443
454 151 74
454 117 158
454 453 980
455 78 923
455 105 183
455 454 443
460 434 890
460 375 440
461 193 832
461 435 106
461 462 667
462 195 206
462 461 667
468 384 8
468 442 439
469 0 766
469 380 704
470 98 641
470 410 579
470 471 858
471 470 858
471 472 203
472 410 808
472 471 203
472 473 452
473 472 452
474 475 378
474 479 687
475 474 378
475 476 716
476 475 716
476 477 238
477 476 238
477 478 394
478 479 131
478 477 394
479 480 695
479 474 687
479 478 131
480 292 615
480 293 488
480 479 695
521 522 595
522 521 595
522 523 476
522 548 408
523 522 476
523 524 663
523 525 967
524 523 663
524 526 297
525 550 875
525 523 967
525 526 163
526 524 297
526 525 163
548 549 407
548 522 408
549 262 628
549 548 407
550 263 342
550 525 875
